Score :	1.06658244e-05
Parameters:
Name	Value	SE
V1	2.57589972e-05	N/A
Km1	0.252518697	N/A
V2	2.23321021e-05	N/A
Km2	0.09803948	N/A

Time courses used:
TSH2b.txt
TSH2a.txt

Time course TSH2b.txt
time	SDLTSH	pred_SDLTSH	HTA	pred_HTA
0.000000000e+00	1.246154000e-03	1.246154000e-03	2.688000000e-01	2.688000000e-01
1.500000000e+01	1.476923000e-03	1.440815842e-03	NAN	2.686008097e-01
3.000000000e+01	1.492308000e-03	1.634761326e-03	NAN	2.684016909e-01
4.500000000e+01	1.723077000e-03	1.827995287e-03	NAN	2.682026438e-01
6.000000000e+01	1.938462000e-03	2.020522506e-03	NAN	2.680036682e-01
7.500000000e+01	2.307692000e-03	2.212347705e-03	NAN	2.678047643e-01
9.000000000e+01	2.276923000e-03	2.403475552e-03	NAN	2.676059320e-01
1.050000000e+02	2.353846000e-03	2.593910659e-03	NAN	2.674071715e-01
1.200000000e+02	2.538462000e-03	2.783657586e-03	NAN	2.672084827e-01
1.350000000e+02	2.784615000e-03	2.972720836e-03	NAN	2.670098656e-01
1.500000000e+02	2.738462000e-03	3.161104864e-03	NAN	2.668113203e-01
1.650000000e+02	3.215385000e-03	3.348814071e-03	NAN	2.666128468e-01
1.800000000e+02	3.338462000e-03	3.535852807e-03	NAN	2.664144452e-01
1.950000000e+02	3.507692000e-03	3.722225374e-03	NAN	2.662161155e-01
2.100000000e+02	3.707692000e-03	3.907936023e-03	NAN	2.660178576e-01
2.250000000e+02	3.892308000e-03	4.092988958e-03	NAN	2.658196717e-01
2.400000000e+02	4.200000000e-03	4.277388336e-03	NAN	2.656215577e-01
2.550000000e+02	4.292308000e-03	4.461138265e-03	NAN	2.654235157e-01
2.700000000e+02	4.369231000e-03	4.644242810e-03	NAN	2.652255458e-01
2.850000000e+02	4.569231000e-03	4.826705987e-03	NAN	2.650276478e-01
3.000000000e+02	4.830769000e-03	5.008531772e-03	NAN	2.648298220e-01
3.150000000e+02	5.169231000e-03	5.189724092e-03	NAN	2.646320683e-01
3.300000000e+02	5.184615000e-03	5.370286836e-03	NAN	2.644343866e-01
3.450000000e+02	5.430769000e-03	5.550223847e-03	NAN	2.642367772e-01
3.600000000e+02	5.569231000e-03	5.729538926e-03	NAN	2.640392399e-01
3.750000000e+02	5.676923000e-03	5.908235835e-03	NAN	2.638417749e-01
3.900000000e+02	5.907692000e-03	6.086318292e-03	NAN	2.636443821e-01
4.050000000e+02	6.030769000e-03	6.263789978e-03	NAN	2.634470616e-01
4.200000000e+02	6.307692000e-03	6.440654534e-03	NAN	2.632498133e-01
4.350000000e+02	6.369231000e-03	6.616915561e-03	NAN	2.630526375e-01
4.500000000e+02	6.584615000e-03	6.792576622e-03	NAN	2.628555339e-01
4.650000000e+02	6.830769000e-03	6.967641242e-03	NAN	2.626585028e-01
4.800000000e+02	7.092308000e-03	7.142112911e-03	NAN	2.624615441e-01
4.950000000e+02	7.107692000e-03	7.315995079e-03	NAN	2.622646578e-01
5.100000000e+02	7.307692000e-03	7.489291164e-03	NAN	2.620678440e-01
5.250000000e+02	7.707692000e-03	7.662004544e-03	NAN	2.618711028e-01
5.400000000e+02	7.646154000e-03	7.834138565e-03	NAN	2.616744340e-01
5.550000000e+02	7.923077000e-03	8.005696537e-03	NAN	2.614778378e-01
5.700000000e+02	8.030769000e-03	8.176681737e-03	NAN	2.612813142e-01
5.850000000e+02	8.246154000e-03	8.347097408e-03	NAN	2.610848633e-01
6.000000000e+02	8.415385000e-03	8.516946761e-03	NAN	2.608884849e-01
6.150000000e+02	8.615385000e-03	8.686232971e-03	NAN	2.606921793e-01
6.300000000e+02	8.753846000e-03	8.854959185e-03	NAN	2.604959464e-01
6.450000000e+02	8.861538000e-03	9.023128516e-03	NAN	2.602997862e-01
6.600000000e+02	9.076923000e-03	9.190744046e-03	NAN	2.601036987e-01
6.750000000e+02	9.384615000e-03	9.357808826e-03	NAN	2.599076841e-01
6.900000000e+02	9.400000000e-03	9.524325878e-03	NAN	2.597117423e-01
7.050000000e+02	9.738462000e-03	9.690298193e-03	NAN	2.595158733e-01
7.200000000e+02	9.738462000e-03	9.855728732e-03	NAN	2.593200772e-01
7.350000000e+02	9.969231000e-03	1.002062043e-02	NAN	2.591243540e-01
7.500000000e+02	1.026153800e-02	1.018497618e-02	NAN	2.589287038e-01
7.650000000e+02	1.027692300e-02	1.034879888e-02	NAN	2.587331265e-01
7.800000000e+02	1.067692300e-02	1.051209135e-02	NAN	2.585376222e-01
7.950000000e+02	1.053846200e-02	1.067485643e-02	NAN	2.583421909e-01
8.100000000e+02	1.076923100e-02	1.083709690e-02	NAN	2.581468327e-01
8.250000000e+02	1.080000000e-02	1.099881554e-02	NAN	2.579515475e-01
8.400000000e+02	1.100000000e-02	1.116001507e-02	NAN	2.577563355e-01
8.550000000e+02	1.107692300e-02	1.132069822e-02	NAN	2.575611966e-01
8.700000000e+02	1.129230800e-02	1.148086768e-02	NAN	2.573661309e-01
8.850000000e+02	1.169230800e-02	1.164052609e-02	NAN	2.571711383e-01
9.000000000e+02	1.175384600e-02	1.179967610e-02	NAN	2.569762190e-01
9.150000000e+02	1.178461500e-02	1.195832033e-02	NAN	2.567813729e-01
9.300000000e+02	1.184615400e-02	1.211646135e-02	NAN	2.565866001e-01
9.450000000e+02	1.221538500e-02	1.227410174e-02	NAN	2.563919006e-01
9.600000000e+02	1.235384600e-02	1.243124403e-02	NAN	2.561972745e-01
9.750000000e+02	1.247692300e-02	1.258789074e-02	NAN	2.560027217e-01
9.900000000e+02	1.266153800e-02	1.274404436e-02	NAN	2.558082423e-01
1.005000000e+03	1.281538500e-02	1.289970737e-02	NAN	2.556138363e-01
1.020000000e+03	1.281538500e-02	1.305488220e-02	NAN	2.554195038e-01
1.035000000e+03	1.312307700e-02	1.320957129e-02	NAN	2.552252448e-01
1.050000000e+03	1.330769200e-02	1.336377703e-02	NAN	2.550310592e-01
1.065000000e+03	1.356923100e-02	1.351750181e-02	NAN	2.548369472e-01
1.080000000e+03	1.366153800e-02	1.367074800e-02	NAN	2.546429088e-01
1.095000000e+03	1.375384600e-02	1.382351792e-02	NAN	2.544489439e-01
1.110000000e+03	1.383076900e-02	1.397581389e-02	NAN	2.542550527e-01
1.125000000e+03	1.404615400e-02	1.412763821e-02	NAN	2.540612351e-01
1.140000000e+03	1.424615400e-02	1.427899317e-02	NAN	2.538674912e-01
1.155000000e+03	1.444615400e-02	1.442988100e-02	NAN	2.536738210e-01
1.170000000e+03	1.450769200e-02	1.458030396e-02	NAN	2.534802245e-01
1.185000000e+03	1.461538500e-02	1.473026426e-02	NAN	2.532867018e-01
1.200000000e+03	1.487692300e-02	1.487976409e-02	NAN	2.530932529e-01
1.215000000e+03	1.490769200e-02	1.502880563e-02	NAN	2.528998778e-01
1.230000000e+03	1.506153800e-02	1.517739105e-02	NAN	2.527065765e-01
1.245000000e+03	1.527692300e-02	1.532552248e-02	NAN	2.525133492e-01
1.260000000e+03	1.555384600e-02	1.547320204e-02	NAN	2.523201957e-01
1.275000000e+03	1.544615400e-02	1.562043184e-02	NAN	2.521271161e-01
1.290000000e+03	1.561538500e-02	1.576721397e-02	NAN	2.519341105e-01
1.305000000e+03	1.598461500e-02	1.591355048e-02	NAN	2.517411789e-01
1.320000000e+03	1.610769200e-02	1.605944344e-02	NAN	2.515483214e-01
1.335000000e+03	1.615384600e-02	1.620489487e-02	NAN	2.513555378e-01
1.350000000e+03	1.627692300e-02	1.634990679e-02	NAN	2.511628284e-01
1.365000000e+03	1.633846200e-02	1.649448120e-02	NAN	2.509701930e-01
1.380000000e+03	1.646153800e-02	1.663862007e-02	NAN	2.507776318e-01
1.395000000e+03	1.683076900e-02	1.678232538e-02	NAN	2.505851447e-01
1.410000000e+03	1.672307700e-02	1.692559908e-02	NAN	2.503927318e-01
1.425000000e+03	1.709230800e-02	1.706844309e-02	NAN	2.502003931e-01
1.440000000e+03	1.715384600e-02	1.721085933e-02	NAN	2.500081287e-01
1.455000000e+03	1.740000000e-02	1.735284970e-02	NAN	2.498159385e-01
1.470000000e+03	1.738461500e-02	1.749441608e-02	NAN	2.496238226e-01
1.485000000e+03	1.760000000e-02	1.763556036e-02	NAN	2.494317811e-01
1.500000000e+03	1.767692300e-02	1.777628437e-02	NAN	2.492398139e-01
1.515000000e+03	1.786153800e-02	1.791658996e-02	NAN	2.490479211e-01
1.530000000e+03	1.792307700e-02	1.805647895e-02	NAN	2.488561026e-01
1.545000000e+03	1.812307700e-02	1.819595315e-02	NAN	2.486643587e-01
1.560000000e+03	1.826153800e-02	1.833501435e-02	NAN	2.484726892e-01
1.575000000e+03	1.847692300e-02	1.847366435e-02	NAN	2.482810942e-01
1.590000000e+03	1.855384600e-02	1.861190489e-02	NAN	2.480895737e-01
1.605000000e+03	1.867692300e-02	1.874973773e-02	NAN	2.478981278e-01
1.620000000e+03	1.907692300e-02	1.888716461e-02	NAN	2.477067564e-01
1.635000000e+03	1.900000000e-02	1.902418726e-02	NAN	2.475154597e-01
1.650000000e+03	1.918461500e-02	1.916080738e-02	NAN	2.473242376e-01
1.665000000e+03	1.932307700e-02	1.929702667e-02	NAN	2.471330901e-01
1.680000000e+03	1.970769200e-02	1.943284681e-02	NAN	2.469420173e-01
1.695000000e+03	1.956923100e-02	1.956826947e-02	NAN	2.467510193e-01
1.710000000e+03	1.975384600e-02	1.970329631e-02	NAN	2.465600960e-01
1.725000000e+03	1.958461500e-02	1.983792898e-02	NAN	2.463692475e-01
1.740000000e+03	1.989230800e-02	1.997216909e-02	NAN	2.461784737e-01
1.755000000e+03	1.992307700e-02	2.010601828e-02	NAN	2.459877749e-01
1.770000000e+03	2.030769200e-02	2.023947815e-02	NAN	2.457971508e-01
1.785000000e+03	2.030769200e-02	2.037255029e-02	NAN	2.456066017e-01
1.800000000e+03	2.061538500e-02	2.050523628e-02	NAN	2.454161274e-01
1.815000000e+03	2.064615400e-02	2.063753770e-02	NAN	2.452257281e-01
1.830000000e+03	2.090769200e-02	2.076945609e-02	NAN	2.450354038e-01
1.845000000e+03	2.080000000e-02	2.090099301e-02	NAN	2.448451545e-01
1.860000000e+03	2.113846200e-02	2.103214998e-02	NAN	2.446549802e-01
1.875000000e+03	2.115384600e-02	2.116292853e-02	NAN	2.444648809e-01
1.890000000e+03	2.130769200e-02	2.129333018e-02	NAN	2.442748567e-01
1.905000000e+03	2.144615400e-02	2.142335641e-02	NAN	2.440849077e-01
1.920000000e+03	2.164615400e-02	2.155300872e-02	NAN	2.438950337e-01
1.935000000e+03	2.173846200e-02	2.168228858e-02	NAN	2.437052350e-01
1.950000000e+03	2.175384600e-02	2.181119746e-02	NAN	2.435155114e-01
1.965000000e+03	2.206153800e-02	2.193973682e-02	NAN	2.433258630e-01
1.980000000e+03	2.212307700e-02	2.206790809e-02	NAN	2.431362899e-01
1.995000000e+03	2.224615400e-02	2.219571271e-02	NAN	2.429467921e-01
2.010000000e+03	2.220000000e-02	2.232315211e-02	NAN	2.427573696e-01
2.025000000e+03	2.235384600e-02	2.245022770e-02	NAN	2.425680224e-01
2.040000000e+03	2.258461500e-02	2.257694087e-02	NAN	2.423787505e-01
2.055000000e+03	2.278461500e-02	2.270329302e-02	NAN	2.421895540e-01
2.070000000e+03	2.293846200e-02	2.282928554e-02	NAN	2.420004330e-01
2.085000000e+03	2.292307700e-02	2.295491978e-02	NAN	2.418113874e-01
2.100000000e+03	2.312307700e-02	2.308019713e-02	NAN	2.416224172e-01
2.115000000e+03	2.320000000e-02	2.320511891e-02	NAN	2.414335226e-01
2.130000000e+03	2.326153800e-02	2.332968649e-02	NAN	2.412447035e-01
2.145000000e+03	2.326153800e-02	2.345390119e-02	NAN	2.410559599e-01
2.160000000e+03	2.341538500e-02	2.357776433e-02	NAN	2.408672919e-01
2.175000000e+03	2.386153800e-02	2.370127723e-02	NAN	2.406786995e-01
2.190000000e+03	2.387692300e-02	2.382444119e-02	NAN	2.404901827e-01
2.205000000e+03	2.406153800e-02	2.394725751e-02	NAN	2.403017416e-01
2.220000000e+03	2.406153800e-02	2.406972747e-02	NAN	2.401133762e-01
2.235000000e+03	2.421538500e-02	2.419185235e-02	NAN	2.399250865e-01
2.250000000e+03	2.444615400e-02	2.431363341e-02	NAN	2.397368726e-01
2.265000000e+03	2.455384600e-02	2.443507192e-02	NAN	2.395487344e-01
2.280000000e+03	2.475384600e-02	2.455616913e-02	NAN	2.393606720e-01
2.295000000e+03	2.473846200e-02	2.467692627e-02	NAN	2.391726854e-01
2.310000000e+03	2.481538500e-02	2.479734458e-02	NAN	2.389847747e-01
2.325000000e+03	2.503076900e-02	2.491742529e-02	NAN	2.387969399e-01
2.340000000e+03	2.509230800e-02	2.503716961e-02	NAN	2.386091809e-01
2.355000000e+03	2.510769200e-02	2.515657874e-02	NAN	2.384214979e-01
2.370000000e+03	2.530769200e-02	2.527565389e-02	NAN	2.382338909e-01
2.385000000e+03	2.540000000e-02	2.539439624e-02	NAN	2.380463599e-01
2.400000000e+03	2.544615400e-02	2.551280698e-02	NAN	2.378589049e-01
2.415000000e+03	2.576923100e-02	2.563088729e-02	NAN	2.376715259e-01
2.430000000e+03	2.573846200e-02	2.574863832e-02	NAN	2.374842230e-01
2.445000000e+03	2.581538500e-02	2.586606125e-02	NAN	2.372969961e-01
2.460000000e+03	2.606153800e-02	2.598315721e-02	NAN	2.371098455e-01
2.475000000e+03	2.638461500e-02	2.609992736e-02	NAN	2.369227709e-01
2.490000000e+03	2.633846200e-02	2.621637282e-02	NAN	2.367357726e-01
2.505000000e+03	2.635384600e-02	2.633249473e-02	NAN	2.365488504e-01
2.520000000e+03	2.640000000e-02	2.644829421e-02	NAN	2.363620045e-01
2.535000000e+03	2.684615400e-02	2.656377237e-02	NAN	2.361752348e-01
2.550000000e+03	2.689230800e-02	2.667893031e-02	NAN	2.359885415e-01
2.565000000e+03	2.675384600e-02	2.679376913e-02	NAN	2.358019244e-01
2.580000000e+03	2.678461500e-02	2.690828992e-02	NAN	2.356153837e-01
2.595000000e+03	2.716923100e-02	2.702249378e-02	NAN	2.354289194e-01
2.610000000e+03	2.715384600e-02	2.713638176e-02	NAN	2.352425314e-01
2.625000000e+03	2.720000000e-02	2.724995495e-02	NAN	2.350562199e-01
2.640000000e+03	2.735384600e-02	2.736321440e-02	NAN	2.348699848e-01
2.655000000e+03	2.749230800e-02	2.747616118e-02	NAN	2.346838263e-01
2.670000000e+03	2.780000000e-02	2.758879632e-02	NAN	2.344977442e-01
2.685000000e+03	2.776923100e-02	2.770112087e-02	NAN	2.343117386e-01
2.700000000e+03	2.789230800e-02	2.781313587e-02	NAN	2.341258096e-01
2.715000000e+03	2.801538500e-02	2.792484235e-02	NAN	2.339399572e-01
2.730000000e+03	2.792307700e-02	2.803624132e-02	NAN	2.337541814e-01
2.745000000e+03	2.816923100e-02	2.814733380e-02	NAN	2.335684823e-01
2.760000000e+03	2.816923100e-02	2.825812080e-02	NAN	2.333828598e-01
2.775000000e+03	2.847692300e-02	2.836860332e-02	NAN	2.331973140e-01
2.790000000e+03	2.864615400e-02	2.847878237e-02	NAN	2.330118449e-01
2.805000000e+03	2.844615400e-02	2.858865892e-02	NAN	2.328264526e-01
2.820000000e+03	2.901538500e-02	2.869823396e-02	NAN	2.326411370e-01
2.835000000e+03	2.900000000e-02	2.880750847e-02	NAN	2.324558983e-01
2.850000000e+03	2.893846200e-02	2.891648342e-02	NAN	2.322707363e-01
2.865000000e+03	2.909230800e-02	2.902515977e-02	NAN	2.320856513e-01
2.880000000e+03	2.920000000e-02	2.913353848e-02	NAN	2.319006431e-01
2.895000000e+03	2.930769200e-02	2.924162051e-02	NAN	2.317157118e-01
2.910000000e+03	2.924615400e-02	2.934940681e-02	NAN	2.315308574e-01
2.925000000e+03	2.943076900e-02	2.945689830e-02	NAN	2.313460800e-01
2.940000000e+03	2.953846200e-02	2.956409594e-02	NAN	2.311613796e-01
2.955000000e+03	2.981538500e-02	2.967100064e-02	NAN	2.309767563e-01
2.970000000e+03	2.978461500e-02	2.977761333e-02	NAN	2.307922099e-01
2.985000000e+03	3.004615400e-02	2.988393493e-02	NAN	2.306077406e-01
3.000000000e+03	2.987692300e-02	2.998996636e-02	NAN	2.304233485e-01
3.015000000e+03	3.016923100e-02	3.009570851e-02	NAN	2.302390334e-01
3.030000000e+03	3.033846200e-02	3.020116229e-02	NAN	2.300547955e-01
3.045000000e+03	3.030769200e-02	3.030632859e-02	NAN	2.298706348e-01
3.060000000e+03	3.032307700e-02	3.041120831e-02	NAN	2.296865512e-01
3.075000000e+03	3.076923100e-02	3.051580233e-02	NAN	2.295025449e-01
3.090000000e+03	3.070769200e-02	3.062011153e-02	NAN	2.293186159e-01
3.105000000e+03	3.087692300e-02	3.072413678e-02	NAN	2.291347641e-01
3.120000000e+03	3.069230800e-02	3.082787896e-02	NAN	2.289509896e-01
3.135000000e+03	3.123076900e-02	3.093133892e-02	NAN	2.287672925e-01
3.150000000e+03	3.116923100e-02	3.103451752e-02	NAN	2.285836727e-01
3.165000000e+03	3.089230800e-02	3.113741562e-02	NAN	2.284001304e-01
3.180000000e+03	3.149230800e-02	3.124003407e-02	NAN	2.282166654e-01
3.195000000e+03	3.156923100e-02	3.134237370e-02	NAN	2.280332779e-01
3.210000000e+03	3.176923100e-02	3.144443536e-02	NAN	2.278499678e-01
3.225000000e+03	3.144615400e-02	3.154621989e-02	NAN	2.276667352e-01
3.240000000e+03	3.180000000e-02	3.164772810e-02	NAN	2.274835802e-01
3.255000000e+03	3.169230800e-02	3.174896082e-02	NAN	2.273005027e-01
3.270000000e+03	3.184615400e-02	3.184991888e-02	NAN	2.271175027e-01
3.285000000e+03	3.210769200e-02	3.195060308e-02	NAN	2.269345804e-01
3.300000000e+03	3.200000000e-02	3.205101423e-02	NAN	2.267517357e-01
3.315000000e+03	3.212307700e-02	3.215115315e-02	NAN	2.265689686e-01
3.330000000e+03	3.213846200e-02	3.225102062e-02	NAN	2.263862792e-01
3.345000000e+03	3.227692300e-02	3.235061744e-02	NAN	2.262036675e-01
3.360000000e+03	3.253846200e-02	3.244994441e-02	NAN	2.260211336e-01
3.375000000e+03	3.273846200e-02	3.254900230e-02	NAN	2.258386774e-01
3.390000000e+03	3.256923100e-02	3.264779191e-02	NAN	2.256562989e-01
3.405000000e+03	3.260000000e-02	3.274631401e-02	NAN	2.254739983e-01
3.420000000e+03	3.273846200e-02	3.284456936e-02	NAN	2.252917756e-01
3.435000000e+03	3.289230800e-02	3.294255874e-02	NAN	2.251096306e-01
3.450000000e+03	3.304615400e-02	3.304028292e-02	NAN	2.249275636e-01
3.465000000e+03	3.313846200e-02	3.313774265e-02	NAN	2.247455745e-01
3.480000000e+03	3.310769200e-02	3.323493868e-02	NAN	2.245636633e-01
3.495000000e+03	3.324615400e-02	3.333187177e-02	NAN	2.243818301e-01
3.510000000e+03	3.346153800e-02	3.342854267e-02	NAN	2.242000748e-01
3.525000000e+03	3.335384600e-02	3.352495211e-02	NAN	2.240183976e-01
3.540000000e+03	3.340000000e-02	3.362110083e-02	NAN	2.238367985e-01
3.555000000e+03	3.384615400e-02	3.371698957e-02	NAN	2.236552774e-01
3.570000000e+03	3.375384600e-02	3.381261906e-02	NAN	2.234738343e-01
3.585000000e+03	3.373846200e-02	3.390799002e-02	NAN	2.232924694e-01
3.600000000e+03	3.406153800e-02	3.400310318e-02	NAN	2.231111827e-01
3.615000000e+03	3.424615400e-02	3.409795926e-02	NAN	2.229299741e-01
3.630000000e+03	3.450769200e-02	3.419255896e-02	NAN	2.227488437e-01
3.645000000e+03	3.423076900e-02	3.428690299e-02	NAN	2.225677916e-01
3.660000000e+03	3.435384600e-02	3.438099207e-02	NAN	2.223868177e-01
3.675000000e+03	3.469230800e-02	3.447482690e-02	NAN	2.222059221e-01
3.690000000e+03	3.478461500e-02	3.456840816e-02	NAN	2.220251047e-01
3.705000000e+03	3.436923100e-02	3.466173657e-02	NAN	2.218443657e-01
3.720000000e+03	3.444615400e-02	3.475481280e-02	NAN	2.216637051e-01
3.735000000e+03	3.458461500e-02	3.484763755e-02	NAN	2.214831228e-01
3.750000000e+03	3.470769200e-02	3.494021150e-02	NAN	2.213026189e-01
3.765000000e+03	3.478461500e-02	3.503253533e-02	NAN	2.211221935e-01
3.780000000e+03	3.503076900e-02	3.512460971e-02	NAN	2.209418465e-01
3.795000000e+03	3.521538500e-02	3.521643531e-02	NAN	2.207615780e-01
3.810000000e+03	3.516923100e-02	3.530801281e-02	NAN	2.205813880e-01
3.825000000e+03	3.556923100e-02	3.539934287e-02	NAN	2.204012765e-01
3.840000000e+03	3.549230800e-02	3.549042614e-02	NAN	2.202212436e-01
3.855000000e+03	3.558461500e-02	3.558126330e-02	NAN	2.200412893e-01
3.870000000e+03	3.556923100e-02	3.567185499e-02	NAN	2.198614136e-01
3.885000000e+03	3.561538500e-02	3.576220186e-02	NAN	2.196816165e-01
3.900000000e+03	3.593846200e-02	3.585230456e-02	NAN	2.195018980e-01
3.915000000e+03	3.592307700e-02	3.594216374e-02	NAN	2.193222583e-01
3.930000000e+03	3.596923100e-02	3.603178003e-02	NAN	2.191426973e-01
3.945000000e+03	3.607692300e-02	3.612115408e-02	NAN	2.189632150e-01
3.960000000e+03	3.627692300e-02	3.621028651e-02	NAN	2.187838114e-01
3.975000000e+03	3.636923100e-02	3.629917796e-02	NAN	2.186044867e-01
3.990000000e+03	3.624615400e-02	3.638782905e-02	NAN	2.184252407e-01
4.005000000e+03	3.643076900e-02	3.647624041e-02	NAN	2.182460736e-01
4.020000000e+03	3.673846200e-02	3.656441266e-02	NAN	2.180669854e-01
4.035000000e+03	3.647692300e-02	3.665234641e-02	NAN	2.178879760e-01
4.050000000e+03	3.672307700e-02	3.674004229e-02	NAN	2.177090456e-01
4.065000000e+03	3.687692300e-02	3.682750089e-02	NAN	2.175301941e-01
4.080000000e+03	3.703076900e-02	3.691472284e-02	NAN	2.173514215e-01
4.095000000e+03	3.695384600e-02	3.700170872e-02	NAN	2.171727280e-01
4.110000000e+03	3.709230800e-02	3.708845916e-02	NAN	2.169941134e-01
4.125000000e+03	3.730769200e-02	3.717497474e-02	NAN	2.168155779e-01
4.140000000e+03	3.726153800e-02	3.726125606e-02	NAN	2.166371215e-01
4.155000000e+03	3.736923100e-02	3.734730371e-02	NAN	2.164587442e-01
4.170000000e+03	3.720000000e-02	3.743311828e-02	NAN	2.162804459e-01
4.185000000e+03	3.764615400e-02	3.751870036e-02	NAN	2.161022268e-01
4.200000000e+03	3.733846200e-02	3.760405053e-02	NAN	2.159240869e-01
4.215000000e+03	3.736923100e-02	3.768916938e-02	NAN	2.157460261e-01
4.230000000e+03	3.769230800e-02	3.777405747e-02	NAN	2.155680446e-01
4.245000000e+03	3.781538500e-02	3.785871539e-02	NAN	2.153901423e-01
4.260000000e+03	3.795384600e-02	3.794314370e-02	NAN	2.152123193e-01
4.275000000e+03	3.784615400e-02	3.802734299e-02	NAN	2.150345756e-01
4.290000000e+03	3.807692300e-02	3.811131380e-02	NAN	2.148569111e-01
4.305000000e+03	3.826153800e-02	3.819505671e-02	NAN	2.146793261e-01
4.320000000e+03	3.843076900e-02	3.827857227e-02	NAN	2.145018203e-01
4.335000000e+03	3.833846200e-02	3.836186105e-02	NAN	2.143243940e-01
4.350000000e+03	3.841538500e-02	3.844492359e-02	NAN	2.141470471e-01
4.365000000e+03	3.853846200e-02	3.852776046e-02	NAN	2.139697796e-01
4.380000000e+03	3.833846200e-02	3.861037219e-02	NAN	2.137925916e-01
4.395000000e+03	3.860000000e-02	3.869275934e-02	NAN	2.136154831e-01
4.410000000e+03	3.853846200e-02	3.877492246e-02	NAN	2.134384541e-01
4.425000000e+03	3.869230800e-02	3.885686207e-02	NAN	2.132615046e-01
4.440000000e+03	3.884615400e-02	3.893857873e-02	NAN	2.130846347e-01
4.455000000e+03	3.898461500e-02	3.902007296e-02	NAN	2.129078443e-01
4.470000000e+03	3.900000000e-02	3.910134531e-02	NAN	2.127311336e-01
4.485000000e+03	3.900000000e-02	3.918239629e-02	NAN	2.125545025e-01
4.500000000e+03	3.909230800e-02	3.926322645e-02	NAN	2.123779511e-01
4.515000000e+03	3.953846200e-02	3.934383630e-02	NAN	2.122014793e-01
4.530000000e+03	3.955384600e-02	3.942422637e-02	NAN	2.120250873e-01
4.545000000e+03	3.958461500e-02	3.950439719e-02	NAN	2.118487750e-01
4.560000000e+03	3.981538500e-02	3.958434926e-02	NAN	2.116725425e-01
4.575000000e+03	3.990769200e-02	3.966408310e-02	NAN	2.114963897e-01
4.590000000e+03	3.967692300e-02	3.974359923e-02	NAN	2.113203168e-01
4.605000000e+03	3.986153800e-02	3.982289817e-02	NAN	2.111443236e-01
4.620000000e+03	4.007692300e-02	3.990198040e-02	NAN	2.109684104e-01
4.635000000e+03	4.018461500e-02	3.998084646e-02	NAN	2.107925770e-01
4.650000000e+03	4.018461500e-02	4.005949682e-02	NAN	2.106168235e-01
4.665000000e+03	4.038461500e-02	4.013793201e-02	NAN	2.104411500e-01
4.680000000e+03	4.023076900e-02	4.021615252e-02	NAN	2.102655564e-01
4.695000000e+03	4.053846200e-02	4.029415883e-02	NAN	2.100900427e-01
4.710000000e+03	4.046153800e-02	4.037195146e-02	NAN	2.099146091e-01
4.725000000e+03	4.040000000e-02	4.044953088e-02	NAN	2.097392555e-01
4.740000000e+03	4.069230800e-02	4.052689760e-02	NAN	2.095639820e-01
4.755000000e+03	4.069230800e-02	4.060405209e-02	NAN	2.093887885e-01
4.770000000e+03	4.075384600e-02	4.068099484e-02	NAN	2.092136751e-01
4.785000000e+03	4.075384600e-02	4.075772634e-02	NAN	2.090386419e-01
4.800000000e+03	4.078461500e-02	4.083424707e-02	NAN	2.088636888e-01
4.815000000e+03	4.104615400e-02	4.091055749e-02	NAN	2.086888158e-01
4.830000000e+03	4.084615400e-02	4.098665810e-02	NAN	2.085140231e-01
4.845000000e+03	4.126153800e-02	4.106254936e-02	NAN	2.083393106e-01
4.860000000e+03	4.116923100e-02	4.113823175e-02	NAN	2.081646783e-01
4.875000000e+03	4.112307700e-02	4.121370573e-02	NAN	2.079901263e-01
4.890000000e+03	4.126153800e-02	4.128897178e-02	NAN	2.078156546e-01
4.905000000e+03	4.152307700e-02	4.136403035e-02	NAN	2.076412632e-01
4.920000000e+03	4.120000000e-02	4.143888192e-02	NAN	2.074669521e-01
4.935000000e+03	4.141538500e-02	4.151352693e-02	NAN	2.072927214e-01
4.950000000e+03	4.175384600e-02	4.158796586e-02	NAN	2.071185711e-01
4.965000000e+03	4.173846200e-02	4.166219916e-02	NAN	2.069445012e-01
4.980000000e+03	4.167692300e-02	4.173622728e-02	NAN	2.067705117e-01
4.995000000e+03	4.175384600e-02	4.181005068e-02	NAN	2.065966027e-01
5.010000000e+03	4.190769200e-02	4.188366980e-02	NAN	2.064227741e-01
5.025000000e+03	4.192307700e-02	4.195708510e-02	NAN	2.062490261e-01
5.040000000e+03	4.203076900e-02	4.203029702e-02	NAN	2.060753586e-01
5.055000000e+03	4.213846200e-02	4.210330602e-02	NAN	2.059017716e-01
5.070000000e+03	4.207692300e-02	4.217611252e-02	NAN	2.057282652e-01
5.085000000e+03	4.212307700e-02	4.224871697e-02	NAN	2.055548394e-01
5.100000000e+03	4.212307700e-02	4.232111981e-02	NAN	2.053814943e-01
5.115000000e+03	4.238461500e-02	4.239332148e-02	NAN	2.052082298e-01
5.130000000e+03	4.238461500e-02	4.246532242e-02	NAN	2.050350459e-01
5.145000000e+03	4.252307700e-02	4.253712305e-02	NAN	2.048619428e-01
5.160000000e+03	4.286153800e-02	4.260872380e-02	NAN	2.046889203e-01
5.175000000e+03	4.290769200e-02	4.268012511e-02	NAN	2.045159786e-01
5.190000000e+03	4.281538500e-02	4.275132741e-02	NAN	2.043431177e-01

Time course TSH2a.txt
time	SDLTSH	pred_SDLTSH	HTA	pred_HTA
0.000000000e+00	7.692310000e-05	7.692310000e-05	1.357000000e-01	1.357000000e-01
1.500000000e+01	0.000000000e+00	2.114463770e-04	NAN	1.355649847e-01
3.000000000e+01	1.384620000e-04	3.454254770e-04	NAN	1.354300568e-01
4.500000000e+01	2.615380000e-04	4.788634798e-04	NAN	1.352952164e-01
6.000000000e+01	2.000000000e-04	6.117634350e-04	NAN	1.351604634e-01
7.500000000e+01	4.307690000e-04	7.441283625e-04	NAN	1.350257979e-01
9.000000000e+01	5.692310000e-04	8.759612524e-04	NAN	1.348912198e-01
1.050000000e+02	7.538460000e-04	1.007265066e-03	NAN	1.347567292e-01
1.200000000e+02	9.692310000e-04	1.138042736e-03	NAN	1.346223261e-01
1.350000000e+02	9.692310000e-04	1.268297166e-03	NAN	1.344880104e-01
1.500000000e+02	1.138462000e-03	1.398031234e-03	NAN	1.343537822e-01
1.650000000e+02	1.200000000e-03	1.527247786e-03	NAN	1.342196414e-01
1.800000000e+02	1.446154000e-03	1.655949646e-03	NAN	1.340855882e-01
1.950000000e+02	1.569231000e-03	1.784139608e-03	NAN	1.339516224e-01
2.100000000e+02	1.784615000e-03	1.911820440e-03	NAN	1.338177441e-01
2.250000000e+02	1.846154000e-03	2.038994885e-03	NAN	1.336839533e-01
2.400000000e+02	1.861538000e-03	2.165665659e-03	NAN	1.335502500e-01
2.550000000e+02	2.076923000e-03	2.291835453e-03	NAN	1.334166342e-01
2.700000000e+02	2.230769000e-03	2.417506933e-03	NAN	1.332831058e-01
2.850000000e+02	2.261538000e-03	2.542682742e-03	NAN	1.331496650e-01
3.000000000e+02	2.430769000e-03	2.667365495e-03	NAN	1.330163117e-01
3.150000000e+02	2.538462000e-03	2.791557786e-03	NAN	1.328830459e-01
3.300000000e+02	2.707692000e-03	2.915262184e-03	NAN	1.327498676e-01
3.450000000e+02	2.800000000e-03	3.038481234e-03	NAN	1.326167768e-01
3.600000000e+02	2.984615000e-03	3.161217460e-03	NAN	1.324837736e-01
3.750000000e+02	3.215385000e-03	3.283473360e-03	NAN	1.323508578e-01
3.900000000e+02	3.276923000e-03	3.405251412e-03	NAN	1.322180296e-01
4.050000000e+02	3.323077000e-03	3.526554071e-03	NAN	1.320852889e-01
4.200000000e+02	3.461538000e-03	3.647383769e-03	NAN	1.319526357e-01
4.350000000e+02	3.630769000e-03	3.767742918e-03	NAN	1.318200701e-01
4.500000000e+02	3.769231000e-03	3.887633907e-03	NAN	1.316875920e-01
4.650000000e+02	3.876923000e-03	4.007059105e-03	NAN	1.315552014e-01
4.800000000e+02	4.000000000e-03	4.126020860e-03	NAN	1.314228984e-01
4.950000000e+02	4.123077000e-03	4.244521499e-03	NAN	1.312906829e-01
5.100000000e+02	4.230769000e-03	4.362563327e-03	NAN	1.311585550e-01
5.250000000e+02	4.353846000e-03	4.480148633e-03	NAN	1.310265146e-01
5.400000000e+02	4.523077000e-03	4.597279682e-03	NAN	1.308945617e-01
5.550000000e+02	4.461538000e-03	4.713958721e-03	NAN	1.307626964e-01
5.700000000e+02	4.738462000e-03	4.830187978e-03	NAN	1.306309187e-01
5.850000000e+02	4.892308000e-03	4.945969662e-03	NAN	1.304992285e-01
6.000000000e+02	4.846154000e-03	5.061305963e-03	NAN	1.303676258e-01
6.150000000e+02	5.107692000e-03	5.176199050e-03	NAN	1.302361107e-01
6.300000000e+02	5.307692000e-03	5.290651077e-03	NAN	1.301046832e-01
6.450000000e+02	5.323077000e-03	5.404664178e-03	NAN	1.299733433e-01
6.600000000e+02	5.446154000e-03	5.518240468e-03	NAN	1.298420909e-01
6.750000000e+02	5.600000000e-03	5.631382048e-03	NAN	1.297109260e-01
6.900000000e+02	5.692308000e-03	5.744090996e-03	NAN	1.295798487e-01
7.050000000e+02	5.815385000e-03	5.856369377e-03	NAN	1.294488590e-01
7.200000000e+02	5.907692000e-03	5.968219238e-03	NAN	1.293179569e-01
7.350000000e+02	5.984615000e-03	6.079642606e-03	NAN	1.291871423e-01
7.500000000e+02	6.153846000e-03	6.190641496e-03	NAN	1.290564154e-01
7.650000000e+02	6.230769000e-03	6.301217903e-03	NAN	1.289257759e-01
7.800000000e+02	6.307692000e-03	6.411373807e-03	NAN	1.287952241e-01
7.950000000e+02	6.523077000e-03	6.521111171e-03	NAN	1.286647598e-01
8.100000000e+02	6.584615000e-03	6.630431943e-03	NAN	1.285343832e-01
8.250000000e+02	6.692308000e-03	6.739338054e-03	NAN	1.284040940e-01
8.400000000e+02	6.907692000e-03	6.847831421e-03	NAN	1.282738925e-01
8.550000000e+02	6.969231000e-03	6.955913944e-03	NAN	1.281437786e-01
8.700000000e+02	7.000000000e-03	7.063587508e-03	NAN	1.280137522e-01
8.850000000e+02	7.092308000e-03	7.170853985e-03	NAN	1.278838134e-01
9.000000000e+02	7.292308000e-03	7.277715229e-03	NAN	1.277539622e-01
1.300000000e+03	1.000000000e-02	9.984038832e-03	NAN	1.243235730e-01
1.315000000e+03	1.010769200e-02	1.008037071e-02	NAN	1.241961450e-01
1.330000000e+03	1.015384600e-02	1.017634488e-02	NAN	1.240688046e-01
1.345000000e+03	1.038461500e-02	1.027196282e-02	NAN	1.239415518e-01
1.360000000e+03	1.038461500e-02	1.036722599e-02	NAN	1.238143865e-01
1.375000000e+03	1.055384600e-02	1.046213587e-02	NAN	1.236873088e-01
1.390000000e+03	1.053846200e-02	1.055669390e-02	NAN	1.235603187e-01
1.405000000e+03	1.067692300e-02	1.065090152e-02	NAN	1.234334162e-01
1.420000000e+03	1.084615400e-02	1.074476016e-02	NAN	1.233066012e-01
1.435000000e+03	1.087692300e-02	1.083827123e-02	NAN	1.231798738e-01
1.450000000e+03	1.103076900e-02	1.093143615e-02	NAN	1.230532340e-01
1.465000000e+03	1.103076900e-02	1.102425631e-02	NAN	1.229266817e-01
1.480000000e+03	1.120000000e-02	1.111673311e-02	NAN	1.228002171e-01
1.495000000e+03	1.135384600e-02	1.120886792e-02	NAN	1.226738399e-01
1.510000000e+03	1.147692300e-02	1.130066211e-02	NAN	1.225475504e-01
1.525000000e+03	1.147692300e-02	1.139211705e-02	NAN	1.224213484e-01
1.540000000e+03	1.152307700e-02	1.148323408e-02	NAN	1.222952339e-01
1.555000000e+03	1.173846200e-02	1.157401454e-02	NAN	1.221692071e-01
1.570000000e+03	1.178461500e-02	1.166445978e-02	NAN	1.220432677e-01
1.585000000e+03	1.186153800e-02	1.175457110e-02	NAN	1.219174160e-01
1.600000000e+03	1.195384600e-02	1.184434983e-02	NAN	1.217916518e-01
1.615000000e+03	1.204615400e-02	1.193379727e-02	NAN	1.216659751e-01
1.630000000e+03	1.203076900e-02	1.202291472e-02	NAN	1.215403860e-01
1.645000000e+03	1.221538500e-02	1.211170346e-02	NAN	1.214148844e-01
1.660000000e+03	1.227692300e-02	1.220016478e-02	NAN	1.212894704e-01
1.675000000e+03	1.236923100e-02	1.228829993e-02	NAN	1.211641439e-01
1.690000000e+03	1.243076900e-02	1.237611020e-02	NAN	1.210389049e-01
1.705000000e+03	1.255384600e-02	1.246359682e-02	NAN	1.209137535e-01
1.720000000e+03	1.263076900e-02	1.255076105e-02	NAN	1.207886896e-01
1.735000000e+03	1.270769200e-02	1.263760412e-02	NAN	1.206637133e-01
1.750000000e+03	1.278461500e-02	1.272412725e-02	NAN	1.205388244e-01
1.765000000e+03	1.293846200e-02	1.281033168e-02	NAN	1.204140232e-01
1.780000000e+03	1.296923100e-02	1.289621861e-02	NAN	1.202893094e-01
1.795000000e+03	1.310769200e-02	1.298178924e-02	NAN	1.201646831e-01
1.810000000e+03	1.310769200e-02	1.306704478e-02	NAN	1.200401444e-01
1.825000000e+03	1.329230800e-02	1.315198641e-02	NAN	1.199156932e-01
1.840000000e+03	1.333846200e-02	1.323661532e-02	NAN	1.197913294e-01
1.855000000e+03	1.332307700e-02	1.332093267e-02	NAN	1.196670532e-01
1.870000000e+03	1.347692300e-02	1.340493963e-02	NAN	1.195428645e-01
1.885000000e+03	1.363076900e-02	1.348863737e-02	NAN	1.194187633e-01
1.900000000e+03	1.360000000e-02	1.357202702e-02	NAN	1.192947496e-01
1.915000000e+03	1.381538500e-02	1.365510975e-02	NAN	1.191708234e-01
1.930000000e+03	1.389230800e-02	1.373788667e-02	NAN	1.190469847e-01
1.945000000e+03	1.390769200e-02	1.382035892e-02	NAN	1.189232335e-01
1.960000000e+03	1.393846200e-02	1.390252763e-02	NAN	1.187995697e-01
1.975000000e+03	1.395384600e-02	1.398439390e-02	NAN	1.186759934e-01
1.990000000e+03	1.407692300e-02	1.406595885e-02	NAN	1.185525047e-01
2.005000000e+03	1.429230800e-02	1.414722358e-02	NAN	1.184291033e-01
2.020000000e+03	1.418461500e-02	1.422818917e-02	NAN	1.183057895e-01
2.035000000e+03	1.453846200e-02	1.430885672e-02	NAN	1.181825631e-01
2.050000000e+03	1.433846200e-02	1.438922731e-02	NAN	1.180594242e-01
2.065000000e+03	1.466153800e-02	1.446930201e-02	NAN	1.179363727e-01
2.080000000e+03	1.475384600e-02	1.454908189e-02	NAN	1.178134087e-01
2.095000000e+03	1.472307700e-02	1.462856800e-02	NAN	1.176905321e-01
2.110000000e+03	1.481538500e-02	1.470776141e-02	NAN	1.175677430e-01
2.125000000e+03	1.492307700e-02	1.478666316e-02	NAN	1.174450413e-01
2.140000000e+03	1.500000000e-02	1.486527428e-02	NAN	1.173224271e-01
2.155000000e+03	1.504615400e-02	1.494359583e-02	NAN	1.171999003e-01
2.170000000e+03	1.506153800e-02	1.502162881e-02	NAN	1.170774609e-01
2.185000000e+03	1.512307700e-02	1.509937426e-02	NAN	1.169551089e-01
2.200000000e+03	1.527692300e-02	1.517683319e-02	NAN	1.168328444e-01
2.215000000e+03	1.536923100e-02	1.525400661e-02	NAN	1.167106673e-01
2.230000000e+03	1.546153800e-02	1.533089553e-02	NAN	1.165885775e-01
2.245000000e+03	1.553846200e-02	1.540750094e-02	NAN	1.164665752e-01
2.260000000e+03	1.563076900e-02	1.548382383e-02	NAN	1.163446603e-01
2.275000000e+03	1.567692300e-02	1.555986520e-02	NAN	1.162228328e-01
2.290000000e+03	1.575384600e-02	1.563562601e-02	NAN	1.161010927e-01
2.305000000e+03	1.584615400e-02	1.571110725e-02	NAN	1.159794399e-01
2.320000000e+03	1.587692300e-02	1.578630988e-02	NAN	1.158578745e-01
2.335000000e+03	1.603076900e-02	1.586123486e-02	NAN	1.157363966e-01
2.350000000e+03	1.603076900e-02	1.593588316e-02	NAN	1.156150059e-01
2.365000000e+03	1.616923100e-02	1.601025572e-02	NAN	1.154937027e-01
2.380000000e+03	1.624615400e-02	1.608435349e-02	NAN	1.153724868e-01
2.395000000e+03	1.623076900e-02	1.615817742e-02	NAN	1.152513582e-01
2.410000000e+03	1.633846200e-02	1.623172842e-02	NAN	1.151303170e-01
2.425000000e+03	1.641538500e-02	1.630500745e-02	NAN	1.150093631e-01
2.440000000e+03	1.636923100e-02	1.637801541e-02	NAN	1.148884966e-01
2.455000000e+03	1.652307700e-02	1.645075323e-02	NAN	1.147677174e-01
2.470000000e+03	1.667692300e-02	1.652322182e-02	NAN	1.146470256e-01
2.485000000e+03	1.669230800e-02	1.659542209e-02	NAN	1.145264210e-01
2.500000000e+03	1.680000000e-02	1.666735494e-02	NAN	1.144059038e-01
2.515000000e+03	1.676923100e-02	1.673902127e-02	NAN	1.142854739e-01
2.530000000e+03	1.689230800e-02	1.681042198e-02	NAN	1.141651312e-01
2.545000000e+03	1.687692300e-02	1.688155795e-02	NAN	1.140448759e-01
2.560000000e+03	1.700000000e-02	1.695243007e-02	NAN	1.139247079e-01
2.575000000e+03	1.701538500e-02	1.702303920e-02	NAN	1.138046271e-01
2.590000000e+03	1.709230800e-02	1.709338624e-02	NAN	1.136846336e-01
2.605000000e+03	1.727692300e-02	1.716347204e-02	NAN	1.135647274e-01
2.620000000e+03	1.730769200e-02	1.723329746e-02	NAN	1.134449085e-01
2.635000000e+03	1.732307700e-02	1.730286337e-02	NAN	1.133251768e-01
2.650000000e+03	1.747692300e-02	1.737217063e-02	NAN	1.132055323e-01
2.665000000e+03	1.752307700e-02	1.744122007e-02	NAN	1.130859751e-01
2.680000000e+03	1.764615400e-02	1.751001254e-02	NAN	1.129665052e-01
2.695000000e+03	1.761538500e-02	1.757854889e-02	NAN	1.128471225e-01
2.710000000e+03	1.776923100e-02	1.764682994e-02	NAN	1.127278270e-01
2.725000000e+03	1.776923100e-02	1.771485654e-02	NAN	1.126086187e-01
2.740000000e+03	1.790769200e-02	1.778262950e-02	NAN	1.124894976e-01
2.755000000e+03	1.790769200e-02	1.785014964e-02	NAN	1.123704638e-01
2.770000000e+03	1.796923100e-02	1.791741779e-02	NAN	1.122515171e-01
2.785000000e+03	1.798461500e-02	1.798443475e-02	NAN	1.121326576e-01
2.800000000e+03	1.810769200e-02	1.805120134e-02	NAN	1.120138853e-01
2.815000000e+03	1.821538500e-02	1.811771836e-02	NAN	1.118952002e-01
2.830000000e+03	1.820000000e-02	1.818398661e-02	NAN	1.117766023e-01
2.845000000e+03	1.829230800e-02	1.825000688e-02	NAN	1.116580915e-01
2.860000000e+03	1.829230800e-02	1.831577996e-02	NAN	1.115396679e-01
2.875000000e+03	1.844615400e-02	1.838130665e-02	NAN	1.114213314e-01
2.890000000e+03	1.855384600e-02	1.844658772e-02	NAN	1.113030820e-01
2.905000000e+03	1.858461500e-02	1.851162395e-02	NAN	1.111849198e-01
2.920000000e+03	1.869230800e-02	1.857641613e-02	NAN	1.110668447e-01
2.935000000e+03	1.869230800e-02	1.864096501e-02	NAN	1.109488568e-01
2.950000000e+03	1.887692300e-02	1.870527136e-02	NAN	1.108309559e-01
2.965000000e+03	1.895384600e-02	1.876933595e-02	NAN	1.107131421e-01
2.980000000e+03	1.878461500e-02	1.883315954e-02	NAN	1.105954154e-01
2.995000000e+03	1.893846200e-02	1.889674288e-02	NAN	1.104777759e-01
3.010000000e+03	1.895384600e-02	1.896008672e-02	NAN	1.103602233e-01
3.025000000e+03	1.913846200e-02	1.902319181e-02	NAN	1.102427579e-01
3.040000000e+03	1.907692300e-02	1.908605889e-02	NAN	1.101253795e-01
3.055000000e+03	1.916923100e-02	1.914868870e-02	NAN	1.100080882e-01
3.070000000e+03	1.940000000e-02	1.921108197e-02	NAN	1.098908839e-01
3.085000000e+03	1.947692300e-02	1.927323944e-02	NAN	1.097737667e-01
3.100000000e+03	1.943076900e-02	1.933516184e-02	NAN	1.096567364e-01
3.115000000e+03	1.924615400e-02	1.939684988e-02	NAN	1.095397932e-01
3.130000000e+03	1.947692300e-02	1.945830430e-02	NAN	1.094229370e-01
3.145000000e+03	1.963076900e-02	1.951952580e-02	NAN	1.093061678e-01
3.160000000e+03	1.970769200e-02	1.958051510e-02	NAN	1.091894856e-01
3.175000000e+03	1.956923100e-02	1.964127290e-02	NAN	1.090728904e-01
3.190000000e+03	1.963076900e-02	1.970179993e-02	NAN	1.089563822e-01
3.205000000e+03	1.972307700e-02	1.976209687e-02	NAN	1.088399609e-01
3.220000000e+03	1.976923100e-02	1.982216443e-02	NAN	1.087236266e-01
3.235000000e+03	1.986153800e-02	1.988200330e-02	NAN	1.086073792e-01
3.250000000e+03	1.983076900e-02	1.994161417e-02	NAN	1.084912188e-01
3.265000000e+03	1.993846200e-02	2.000099774e-02	NAN	1.083751453e-01
3.280000000e+03	2.006153800e-02	2.006015469e-02	NAN	1.082591587e-01
3.295000000e+03	2.000000000e-02	2.011908570e-02	NAN	1.081432590e-01
3.310000000e+03	2.013846200e-02	2.017779145e-02	NAN	1.080274463e-01
3.325000000e+03	2.021538500e-02	2.023627261e-02	NAN	1.079117204e-01
3.340000000e+03	2.024615400e-02	2.029452986e-02	NAN	1.077960814e-01
3.355000000e+03	2.036923100e-02	2.035256386e-02	NAN	1.076805293e-01
3.370000000e+03	2.041538500e-02	2.041037529e-02	NAN	1.075650641e-01
3.385000000e+03	2.044615400e-02	2.046796480e-02	NAN	1.074496857e-01
3.400000000e+03	2.043076900e-02	2.052533305e-02	NAN	1.073343941e-01
3.415000000e+03	2.061538500e-02	2.058248070e-02	NAN	1.072191894e-01
3.430000000e+03	2.058461500e-02	2.063940840e-02	NAN	1.071040715e-01
3.445000000e+03	2.064615400e-02	2.069611681e-02	NAN	1.069890404e-01
3.460000000e+03	2.078461500e-02	2.075260656e-02	NAN	1.068740962e-01
3.475000000e+03	2.076923100e-02	2.080887830e-02	NAN	1.067592387e-01
3.490000000e+03	2.070769200e-02	2.086493267e-02	NAN	1.066444680e-01
3.505000000e+03	2.076923100e-02	2.092077031e-02	NAN	1.065297841e-01
3.520000000e+03	2.086153800e-02	2.097639186e-02	NAN	1.064151870e-01
3.535000000e+03	2.092307700e-02	2.103179794e-02	NAN	1.063006766e-01
3.550000000e+03	2.104615400e-02	2.108698918e-02	NAN	1.061862529e-01
3.565000000e+03	2.104615400e-02	2.114196621e-02	NAN	1.060719160e-01
3.580000000e+03	2.112307700e-02	2.119672965e-02	NAN	1.059576658e-01
3.595000000e+03	2.109230800e-02	2.125128013e-02	NAN	1.058435024e-01
3.610000000e+03	2.107692300e-02	2.130561825e-02	NAN	1.057294256e-01
3.625000000e+03	2.135384600e-02	2.135974463e-02	NAN	1.056154355e-01
3.640000000e+03	2.136923100e-02	2.141365989e-02	NAN	1.055015321e-01
3.655000000e+03	2.127692300e-02	2.146736463e-02	NAN	1.053877154e-01
3.670000000e+03	2.152307700e-02	2.152085946e-02	NAN	1.052739853e-01
3.685000000e+03	2.146153800e-02	2.157414497e-02	NAN	1.051603419e-01
3.700000000e+03	2.153846200e-02	2.162722178e-02	NAN	1.050467851e-01
3.715000000e+03	2.163076900e-02	2.168009047e-02	NAN	1.049333150e-01
3.730000000e+03	2.158461500e-02	2.173275165e-02	NAN	1.048199314e-01
3.745000000e+03	2.173846200e-02	2.178520590e-02	NAN	1.047066345e-01
3.760000000e+03	2.172307700e-02	2.183745381e-02	NAN	1.045934241e-01
3.775000000e+03	2.173846200e-02	2.188949597e-02	NAN	1.044803004e-01
3.790000000e+03	2.180000000e-02	2.194133297e-02	NAN	1.043672632e-01
3.805000000e+03	2.192307700e-02	2.199296538e-02	NAN	1.042543126e-01
3.820000000e+03	2.186153800e-02	2.204439378e-02	NAN	1.041414485e-01
3.835000000e+03	2.204615400e-02	2.209561875e-02	NAN	1.040286709e-01
3.850000000e+03	2.196923100e-02	2.214664087e-02	NAN	1.039159799e-01
3.865000000e+03	2.200000000e-02	2.219746070e-02	NAN	1.038033754e-01
3.880000000e+03	2.210769200e-02	2.224807881e-02	NAN	1.036908574e-01
3.895000000e+03	2.212307700e-02	2.229849577e-02	NAN	1.035784258e-01
3.910000000e+03	2.220000000e-02	2.234871215e-02	NAN	1.034660808e-01
3.925000000e+03	2.215384600e-02	2.239872850e-02	NAN	1.033538222e-01
3.940000000e+03	2.223076900e-02	2.244854538e-02	NAN	1.032416501e-01
3.955000000e+03	2.227692300e-02	2.249816334e-02	NAN	1.031295644e-01
3.970000000e+03	2.221538500e-02	2.254758295e-02	NAN	1.030175651e-01
3.985000000e+03	2.238461500e-02	2.259680476e-02	NAN	1.029056522e-01
4.000000000e+03	2.246153800e-02	2.264582930e-02	NAN	1.027938258e-01
4.015000000e+03	2.249230800e-02	2.269465714e-02	NAN	1.026820857e-01
4.030000000e+03	2.261538500e-02	2.274328880e-02	NAN	1.025704321e-01

