Score :	5.29686004e-05
Parameters:
Name	Value	SE
Vmax	1.04822677e-05	N/A
KmNADPH	0.00329366488	N/A
KmMG	0.778790145	N/A

Time courses used:
10.txt
1.txt
2.txt
3.txt
4.txt



Time course 10.txt
time	NADPH	pred_NADPH	MG	pred_MG
0.000000000e+00	1.509646300e-02	1.509646300e-02	5.000000000e+00	5.000000000e+00
2.000000000e+01	1.492650400e-02	1.494769063e-02	NAN	4.999851228e+00
4.000000000e+01	1.490124000e-02	1.479918574e-02	NAN	4.999702723e+00
6.000000000e+01	1.458658700e-02	1.465095224e-02	NAN	4.999554489e+00
8.000000000e+01	1.454524600e-02	1.450299411e-02	NAN	4.999406531e+00
1.000000000e+02	1.429490100e-02	1.435531540e-02	NAN	4.999258852e+00
1.200000000e+02	1.409278800e-02	1.420792027e-02	NAN	4.999111457e+00
1.400000000e+02	1.392283000e-02	1.406081293e-02	NAN	4.998964350e+00
1.600000000e+02	1.373679400e-02	1.391399771e-02	NAN	4.998817535e+00
1.800000000e+02	1.366329800e-02	1.376747899e-02	NAN	4.998671016e+00
2.000000000e+02	1.325218200e-02	1.362126127e-02	NAN	4.998524798e+00
2.200000000e+02	1.309830000e-02	1.347534912e-02	NAN	4.998378886e+00
2.400000000e+02	1.313734500e-02	1.332974722e-02	NAN	4.998233284e+00
2.600000000e+02	1.288700000e-02	1.318446033e-02	NAN	4.998087997e+00
2.800000000e+02	1.273311900e-02	1.303949333e-02	NAN	4.997943030e+00
3.000000000e+02	1.262746900e-02	1.289485119e-02	NAN	4.997798388e+00
3.200000000e+02	1.245751000e-02	1.275053897e-02	NAN	4.997654076e+00
3.400000000e+02	1.207854800e-02	1.260656184e-02	NAN	4.997510099e+00
3.600000000e+02	1.194074400e-02	1.246292511e-02	NAN	4.997366462e+00
3.800000000e+02	1.193155700e-02	1.231963414e-02	NAN	4.997223171e+00
4.000000000e+02	1.180983000e-02	1.217669447e-02	NAN	4.997080231e+00
4.200000000e+02	1.162379400e-02	1.203411170e-02	NAN	4.996937649e+00
4.400000000e+02	1.145383600e-02	1.189189159e-02	NAN	4.996795429e+00
4.600000000e+02	1.136426300e-02	1.175003999e-02	NAN	4.996653577e+00
4.800000000e+02	1.114607300e-02	1.160856289e-02	NAN	4.996512100e+00
5.000000000e+02	1.113688600e-02	1.146746641e-02	NAN	4.996371003e+00
5.200000000e+02	1.090261800e-02	1.132675679e-02	NAN	4.996230294e+00
5.400000000e+02	1.070050500e-02	1.118644041e-02	NAN	4.996089977e+00
5.600000000e+02	1.062701000e-02	1.104652377e-02	NAN	4.995950061e+00
5.800000000e+02	1.053743700e-02	1.090701354e-02	NAN	4.995810551e+00
6.000000000e+02	1.038355500e-02	1.076791651e-02	NAN	4.995671454e+00
6.200000000e+02	1.016536500e-02	1.062923962e-02	NAN	4.995532777e+00
6.400000000e+02	1.009187000e-02	1.049098996e-02	NAN	4.995394527e+00
6.600000000e+02	9.889757000e-03	1.035317478e-02	NAN	4.995256712e+00
6.800000000e+02	9.768029000e-03	1.021580147e-02	NAN	4.995119338e+00
7.000000000e+02	9.726688000e-03	1.007887760e-02	NAN	4.994982415e+00
7.200000000e+02	9.653192000e-03	9.942410876e-03	NAN	4.994845948e+00
7.400000000e+02	9.435002000e-03	9.806409192e-03	NAN	4.994709946e+00
7.600000000e+02	9.361507000e-03	9.670880607e-03	NAN	4.994574418e+00
7.800000000e+02	9.111162000e-03	9.535833352e-03	NAN	4.994439370e+00
8.000000000e+02	9.134130000e-03	9.401275836e-03	NAN	4.994304813e+00
8.200000000e+02	9.060634000e-03	9.267216647e-03	NAN	4.994170754e+00
8.400000000e+02	8.922830000e-03	9.133664561e-03	NAN	4.994037202e+00
8.600000000e+02	8.833257000e-03	9.000628542e-03	NAN	4.993904166e+00
8.800000000e+02	8.518604000e-03	8.868117745e-03	NAN	4.993771655e+00
9.000000000e+02	8.638034000e-03	8.736141521e-03	NAN	4.993639679e+00
9.200000000e+02	8.548461000e-03	8.604709421e-03	NAN	4.993508246e+00
9.400000000e+02	8.394580000e-03	8.473831200e-03	NAN	4.993377368e+00
9.600000000e+02	8.192467000e-03	8.343516821e-03	NAN	4.993247054e+00
9.800000000e+02	8.054662000e-03	8.213776457e-03	NAN	4.993117313e+00
1.000000000e+03	7.949012000e-03	8.084620494e-03	NAN	4.992988157e+00
1.020000000e+03	7.891594000e-03	7.956059537e-03	NAN	4.992859597e+00
1.040000000e+03	7.753790000e-03	7.828104412e-03	NAN	4.992731641e+00
1.060000000e+03	7.583831000e-03	7.700766173e-03	NAN	4.992604303e+00
1.080000000e+03	7.590721000e-03	7.574056098e-03	NAN	4.992477593e+00
1.100000000e+03	7.452917000e-03	7.447985699e-03	NAN	4.992351523e+00
1.120000000e+03	7.411576000e-03	7.322566719e-03	NAN	4.992226104e+00
1.140000000e+03	7.322003000e-03	7.197811139e-03	NAN	4.992101348e+00
1.160000000e+03	7.232430000e-03	7.073731182e-03	NAN	4.991977268e+00
1.180000000e+03	7.078548000e-03	6.950339308e-03	NAN	4.991853876e+00
1.200000000e+03	7.165825000e-03	6.827648223e-03	NAN	4.991731185e+00
1.220000000e+03	7.011943000e-03	6.705670881e-03	NAN	4.991609208e+00
1.240000000e+03	6.922370000e-03	6.584420483e-03	NAN	4.991487957e+00
1.260000000e+03	6.832797000e-03	6.463910474e-03	NAN	4.991367447e+00
1.280000000e+03	6.759302000e-03	6.344154549e-03	NAN	4.991247692e+00
1.300000000e+03	6.717960000e-03	6.225166653e-03	NAN	4.991128704e+00
1.320000000e+03	6.451539000e-03	6.106960979e-03	NAN	4.991010498e+00
1.340000000e+03	6.490583000e-03	5.989551971e-03	NAN	4.990893089e+00
1.360000000e+03	6.368856000e-03	5.872954318e-03	NAN	4.990776491e+00
1.380000000e+03	6.359669000e-03	5.757182951e-03	NAN	4.990660720e+00
1.400000000e+03	6.141479000e-03	5.642253049e-03	NAN	4.990545790e+00
1.420000000e+03	6.212678000e-03	5.528180024e-03	NAN	4.990431717e+00
1.440000000e+03	6.026642000e-03	5.414979526e-03	NAN	4.990318517e+00
1.460000000e+03	6.033532000e-03	5.302667435e-03	NAN	4.990206204e+00

Time course 1.txt
time	NADPH	pred_NADPH	MG	pred_MG
0.000000000e+00	3.287781400e-02	3.287781400e-02	5.000000000e+00	5.000000000e+00
2.000000000e+01	3.268259100e-02	3.271297703e-02	NAN	4.999835163e+00
4.000000000e+01	3.258383100e-02	3.254821676e-02	NAN	4.999670403e+00
6.000000000e+01	3.237253100e-02	3.238353382e-02	NAN	4.999505720e+00
8.000000000e+01	3.204869100e-02	3.221892889e-02	NAN	4.999341115e+00
1.000000000e+02	3.194993100e-02	3.205440265e-02	NAN	4.999176589e+00
1.200000000e+02	3.159393700e-02	3.188995579e-02	NAN	4.999012142e+00
1.400000000e+02	3.160771700e-02	3.172558901e-02	NAN	4.998847775e+00
1.600000000e+02	3.134818600e-02	3.156130301e-02	NAN	4.998683489e+00
1.800000000e+02	3.094396000e-02	3.139709850e-02	NAN	4.998519285e+00
2.000000000e+02	3.092558600e-02	3.123297622e-02	NAN	4.998355162e+00
2.200000000e+02	3.087505700e-02	3.106893690e-02	NAN	4.998191123e+00
2.400000000e+02	3.059944900e-02	3.090498128e-02	NAN	4.998027167e+00
2.600000000e+02	3.032384000e-02	3.074111011e-02	NAN	4.997863296e+00
2.800000000e+02	3.032154300e-02	3.057732415e-02	NAN	4.997699510e+00
3.000000000e+02	3.011024300e-02	3.041362419e-02	NAN	4.997535810e+00
3.200000000e+02	2.980248000e-02	3.025001100e-02	NAN	4.997372197e+00
3.400000000e+02	2.946256300e-02	3.008648538e-02	NAN	4.997208671e+00
3.600000000e+02	2.929949500e-02	2.992304814e-02	NAN	4.997045234e+00
3.800000000e+02	2.923288900e-02	2.975970008e-02	NAN	4.996881886e+00
4.000000000e+02	2.919843800e-02	2.959644204e-02	NAN	4.996718628e+00
4.200000000e+02	2.893890700e-02	2.943327484e-02	NAN	4.996555461e+00
4.400000000e+02	2.884014700e-02	2.927019935e-02	NAN	4.996392385e+00
4.600000000e+02	2.866100100e-02	2.910721642e-02	NAN	4.996229402e+00
4.800000000e+02	2.846577900e-02	2.894432693e-02	NAN	4.996066513e+00
5.000000000e+02	2.823840100e-02	2.878153175e-02	NAN	4.995903718e+00
5.200000000e+02	2.818787300e-02	2.861883179e-02	NAN	4.995741018e+00
5.400000000e+02	2.799265000e-02	2.845622795e-02	NAN	4.995578414e+00
5.600000000e+02	2.776527300e-02	2.829372116e-02	NAN	4.995415907e+00
5.800000000e+02	2.761828200e-02	2.813131235e-02	NAN	4.995253498e+00
6.000000000e+02	2.747129100e-02	2.796900246e-02	NAN	4.995091188e+00
6.200000000e+02	2.721175900e-02	2.780679246e-02	NAN	4.994928978e+00
6.400000000e+02	2.714515400e-02	2.764468332e-02	NAN	4.994766869e+00
6.600000000e+02	2.699816300e-02	2.748267602e-02	NAN	4.994604862e+00
6.800000000e+02	2.681901700e-02	2.732077158e-02	NAN	4.994442958e+00
7.000000000e+02	2.672025700e-02	2.715897100e-02	NAN	4.994281157e+00
7.200000000e+02	2.652503400e-02	2.699727532e-02	NAN	4.994119461e+00
7.400000000e+02	2.632981200e-02	2.683568559e-02	NAN	4.993957872e+00
7.600000000e+02	2.616674300e-02	2.667420285e-02	NAN	4.993796389e+00
7.800000000e+02	2.605190600e-02	2.651282819e-02	NAN	4.993635014e+00
8.000000000e+02	2.582452900e-02	2.635156271e-02	NAN	4.993473749e+00
8.200000000e+02	2.574184700e-02	2.619040749e-02	NAN	4.993312593e+00
8.400000000e+02	2.570739500e-02	2.602936368e-02	NAN	4.993151550e+00
8.600000000e+02	2.546394100e-02	2.586843241e-02	NAN	4.992990618e+00
8.800000000e+02	2.522048700e-02	2.570761484e-02	NAN	4.992829801e+00
9.000000000e+02	2.513780400e-02	2.554691214e-02	NAN	4.992669098e+00
9.200000000e+02	2.500689000e-02	2.538632551e-02	NAN	4.992508512e+00
9.400000000e+02	2.490813000e-02	2.522585614e-02	NAN	4.992348042e+00
9.600000000e+02	2.471290800e-02	2.506550527e-02	NAN	4.992187691e+00
9.800000000e+02	2.453376200e-02	2.490527416e-02	NAN	4.992027460e+00
1.000000000e+03	2.435461600e-02	2.474516405e-02	NAN	4.991867350e+00
1.020000000e+03	2.433624300e-02	2.458517624e-02	NAN	4.991707362e+00
1.040000000e+03	2.404455700e-02	2.442531202e-02	NAN	4.991547498e+00
1.060000000e+03	2.394579700e-02	2.426557273e-02	NAN	4.991387759e+00
1.080000000e+03	2.391134600e-02	2.410595970e-02	NAN	4.991228146e+00
1.100000000e+03	2.371612300e-02	2.394647431e-02	NAN	4.991068660e+00
1.120000000e+03	2.371382600e-02	2.378711793e-02	NAN	4.990909304e+00
1.140000000e+03	2.343821800e-02	2.362789197e-02	NAN	4.990750078e+00
1.160000000e+03	2.324299500e-02	2.346879787e-02	NAN	4.990590984e+00
1.180000000e+03	2.319246700e-02	2.330983707e-02	NAN	4.990432023e+00
1.200000000e+03	2.301332100e-02	2.315101106e-02	NAN	4.990273197e+00
1.220000000e+03	2.291456100e-02	2.299232132e-02	NAN	4.990114507e+00
1.240000000e+03	2.284795600e-02	2.283376938e-02	NAN	4.989955955e+00
1.260000000e+03	2.276527300e-02	2.267535679e-02	NAN	4.989797543e+00
1.280000000e+03	2.247358800e-02	2.251708512e-02	NAN	4.989639271e+00
1.300000000e+03	2.242305900e-02	2.235895596e-02	NAN	4.989481142e+00
1.320000000e+03	2.219568200e-02	2.220097094e-02	NAN	4.989323157e+00
1.340000000e+03	2.206476800e-02	2.204313171e-02	NAN	4.989165318e+00
1.360000000e+03	2.214285700e-02	2.188543993e-02	NAN	4.989007626e+00
1.380000000e+03	2.175470800e-02	2.172789732e-02	NAN	4.988850083e+00
1.400000000e+03	2.173633400e-02	2.157050560e-02	NAN	4.988692692e+00
1.420000000e+03	2.162149700e-02	2.141326654e-02	NAN	4.988535453e+00
1.440000000e+03	2.157096900e-02	2.125618191e-02	NAN	4.988378368e+00
1.460000000e+03	2.142397800e-02	2.109925355e-02	NAN	4.988221440e+00

Time course 2.txt
time	NADPH	pred_NADPH	MG	pred_MG
0.000000000e+00	5.276527300e-02	5.276527300e-02	5.000000000e+00	5.000000000e+00
2.000000000e+01	5.259623300e-02	5.259455508e-02	NAN	4.999829282e+00
4.000000000e+01	5.241111600e-02	5.242387040e-02	NAN	4.999658597e+00
6.000000000e+01	5.224207600e-02	5.225321949e-02	NAN	4.999487946e+00
8.000000000e+01	5.207303600e-02	5.208260239e-02	NAN	4.999317329e+00
1.000000000e+02	5.169499300e-02	5.191201932e-02	NAN	4.999146746e+00
1.200000000e+02	5.170280200e-02	5.174147046e-02	NAN	4.998976197e+00
1.400000000e+02	5.169453400e-02	5.157095603e-02	NAN	4.998805683e+00
1.600000000e+02	5.128433600e-02	5.140047622e-02	NAN	4.998635203e+00
1.800000000e+02	5.108314200e-02	5.123003124e-02	NAN	4.998464758e+00
2.000000000e+02	5.073725300e-02	5.105962128e-02	NAN	4.998294348e+00
2.200000000e+02	5.080937100e-02	5.088924657e-02	NAN	4.998123974e+00
2.400000000e+02	5.059209900e-02	5.071890731e-02	NAN	4.997953634e+00
2.600000000e+02	5.053559900e-02	5.054860371e-02	NAN	4.997783331e+00
2.800000000e+02	5.020578800e-02	5.037833598e-02	NAN	4.997613063e+00
3.000000000e+02	4.994028500e-02	5.020810434e-02	NAN	4.997442831e+00
3.200000000e+02	4.985163100e-02	5.003790901e-02	NAN	4.997272636e+00
3.400000000e+02	4.934497000e-02	4.986775021e-02	NAN	4.997102477e+00
3.600000000e+02	4.940101100e-02	4.969762815e-02	NAN	4.996932355e+00
3.800000000e+02	4.929627900e-02	4.952754306e-02	NAN	4.996762270e+00
4.000000000e+02	4.915939400e-02	4.935749517e-02	NAN	4.996592222e+00
4.200000000e+02	4.910289400e-02	4.918748470e-02	NAN	4.996422212e+00
4.400000000e+02	4.870877400e-02	4.901751187e-02	NAN	4.996252239e+00
4.600000000e+02	4.863619700e-02	4.884757693e-02	NAN	4.996082304e+00
4.800000000e+02	4.841892500e-02	4.867768010e-02	NAN	4.995912407e+00
5.000000000e+02	4.834634800e-02	4.850782163e-02	NAN	4.995742549e+00
5.200000000e+02	4.812907700e-02	4.833800174e-02	NAN	4.995572729e+00
5.400000000e+02	4.794396000e-02	4.816822068e-02	NAN	4.995402948e+00
5.600000000e+02	4.793569100e-02	4.799847869e-02	NAN	4.995233206e+00
5.800000000e+02	4.778272900e-02	4.782877602e-02	NAN	4.995063503e+00
6.000000000e+02	4.746899400e-02	4.765911291e-02	NAN	4.994893840e+00
6.200000000e+02	4.731603100e-02	4.748948961e-02	NAN	4.994724217e+00
6.400000000e+02	4.724345400e-02	4.731990637e-02	NAN	4.994554633e+00
6.600000000e+02	4.692972000e-02	4.715036345e-02	NAN	4.994385090e+00
6.800000000e+02	4.684106600e-02	4.698086110e-02	NAN	4.994215588e+00
7.000000000e+02	4.676848900e-02	4.681139958e-02	NAN	4.994046127e+00
7.200000000e+02	4.661552600e-02	4.664197915e-02	NAN	4.993876706e+00
7.400000000e+02	4.641433200e-02	4.647260008e-02	NAN	4.993707327e+00
7.600000000e+02	4.624529200e-02	4.630326263e-02	NAN	4.993537990e+00
7.800000000e+02	4.606017500e-02	4.613396707e-02	NAN	4.993368694e+00
8.000000000e+02	4.581074900e-02	4.596471368e-02	NAN	4.993199441e+00
8.200000000e+02	4.577032600e-02	4.579550272e-02	NAN	4.993030230e+00
8.400000000e+02	4.555305500e-02	4.562633447e-02	NAN	4.992861061e+00
8.600000000e+02	4.552870900e-02	4.545720921e-02	NAN	4.992691936e+00
8.800000000e+02	4.519889800e-02	4.528812723e-02	NAN	4.992522854e+00
9.000000000e+02	4.512632100e-02	4.511908881e-02	NAN	4.992353816e+00
9.200000000e+02	4.497335800e-02	4.495009423e-02	NAN	4.992184821e+00
9.400000000e+02	4.490078100e-02	4.478114380e-02	NAN	4.992015871e+00
9.600000000e+02	4.468350900e-02	4.461223779e-02	NAN	4.991846965e+00
9.800000000e+02	4.449839200e-02	4.444337651e-02	NAN	4.991678104e+00
1.000000000e+03	4.428112100e-02	4.427456025e-02	NAN	4.991509287e+00
1.020000000e+03	4.424069800e-02	4.410578933e-02	NAN	4.991340516e+00
1.040000000e+03	4.420027600e-02	4.393706403e-02	NAN	4.991171791e+00
1.060000000e+03	4.387046400e-02	4.376838468e-02	NAN	4.991003112e+00
1.080000000e+03	4.384611900e-02	4.359975158e-02	NAN	4.990834479e+00
1.100000000e+03	4.359669300e-02	4.343116505e-02	NAN	4.990665892e+00
1.120000000e+03	4.347588400e-02	4.326262540e-02	NAN	4.990497352e+00
1.140000000e+03	4.314607300e-02	4.309413296e-02	NAN	4.990328860e+00
1.160000000e+03	4.325034500e-02	4.292568805e-02	NAN	4.990160415e+00
1.180000000e+03	4.296876400e-02	4.275729100e-02	NAN	4.989992018e+00
1.200000000e+03	4.299265000e-02	4.258894214e-02	NAN	4.989823669e+00
1.220000000e+03	4.279145600e-02	4.242064180e-02	NAN	4.989655369e+00
1.240000000e+03	4.263849300e-02	4.225239032e-02	NAN	4.989487117e+00
1.260000000e+03	4.250160800e-02	4.208418805e-02	NAN	4.989318915e+00
1.280000000e+03	4.241295400e-02	4.191603531e-02	NAN	4.989150762e+00
1.300000000e+03	4.234037700e-02	4.174793248e-02	NAN	4.988982659e+00
1.320000000e+03	4.201056500e-02	4.157987989e-02	NAN	4.988814607e+00
1.340000000e+03	4.192191100e-02	4.141187791e-02	NAN	4.988646605e+00
1.360000000e+03	4.180110200e-02	4.124392688e-02	NAN	4.988478654e+00
1.380000000e+03	4.163206200e-02	4.107602719e-02	NAN	4.988310754e+00
1.400000000e+03	4.151125400e-02	4.090817919e-02	NAN	4.988142906e+00
1.420000000e+03	4.134221400e-02	4.074038325e-02	NAN	4.987975110e+00
1.440000000e+03	4.130179100e-02	4.057263975e-02	NAN	4.987807367e+00
1.460000000e+03	4.124529200e-02	4.040494907e-02	NAN	4.987639676e+00

Time course 3.txt
time	NADPH	pred_NADPH	MG	pred_MG
0.000000000e+00	6.980707400e-02	6.980707400e-02	5.000000000e+00	5.000000000e+00
2.000000000e+01	6.956362000e-02	6.963386500e-02	NAN	4.999826791e+00
4.000000000e+01	6.949701400e-02	6.946067613e-02	NAN	4.999653602e+00
6.000000000e+01	6.922140600e-02	6.928750757e-02	NAN	4.999480434e+00
8.000000000e+01	6.894579700e-02	6.911435956e-02	NAN	4.999307286e+00
1.000000000e+02	6.902388600e-02	6.894123208e-02	NAN	4.999134158e+00
1.200000000e+02	6.870004600e-02	6.876812523e-02	NAN	4.998961051e+00
1.400000000e+02	6.850482300e-02	6.859503910e-02	NAN	4.998787965e+00
1.600000000e+02	6.805236600e-02	6.842197379e-02	NAN	4.998614900e+00
1.800000000e+02	6.795360600e-02	6.824892939e-02	NAN	4.998441855e+00
2.000000000e+02	6.795130900e-02	6.807590599e-02	NAN	4.998268832e+00
2.200000000e+02	6.778824100e-02	6.790290369e-02	NAN	4.998095830e+00
2.400000000e+02	6.746440100e-02	6.772992259e-02	NAN	4.997922849e+00
2.600000000e+02	6.749425800e-02	6.755696278e-02	NAN	4.997749889e+00
2.800000000e+02	6.726688100e-02	6.738402435e-02	NAN	4.997576950e+00
3.000000000e+02	6.721635300e-02	6.721110742e-02	NAN	4.997404033e+00
3.200000000e+02	6.679605000e-02	6.703821207e-02	NAN	4.997231138e+00
3.400000000e+02	6.644005500e-02	6.686533841e-02	NAN	4.997058264e+00
3.600000000e+02	6.645383600e-02	6.669248654e-02	NAN	4.996885413e+00
3.800000000e+02	6.612999500e-02	6.651965655e-02	NAN	4.996712583e+00
4.000000000e+02	6.607946700e-02	6.634684855e-02	NAN	4.996539775e+00
4.200000000e+02	6.594855300e-02	6.617406264e-02	NAN	4.996366989e+00
4.400000000e+02	6.583371600e-02	6.600129892e-02	NAN	4.996194225e+00
4.600000000e+02	6.567064800e-02	6.582855751e-02	NAN	4.996021484e+00
4.800000000e+02	6.552365600e-02	6.565583849e-02	NAN	4.995848764e+00
5.000000000e+02	6.534451100e-02	6.548314199e-02	NAN	4.995676068e+00
5.200000000e+02	6.519752000e-02	6.531046809e-02	NAN	4.995503394e+00
5.400000000e+02	6.505052800e-02	6.513781692e-02	NAN	4.995330743e+00
5.600000000e+02	6.488746000e-02	6.496518858e-02	NAN	4.995158115e+00
5.800000000e+02	6.462792800e-02	6.479258317e-02	NAN	4.994985509e+00
6.000000000e+02	6.432016500e-02	6.462000081e-02	NAN	4.994812927e+00
6.200000000e+02	6.436610000e-02	6.444744160e-02	NAN	4.994640368e+00
6.400000000e+02	6.412264600e-02	6.427490565e-02	NAN	4.994467832e+00
6.600000000e+02	6.392742300e-02	6.410239308e-02	NAN	4.994295319e+00
6.800000000e+02	6.361966000e-02	6.392990400e-02	NAN	4.994122830e+00
7.000000000e+02	6.363344100e-02	6.375743853e-02	NAN	4.993950365e+00
7.200000000e+02	6.350252600e-02	6.358499677e-02	NAN	4.993777923e+00
7.400000000e+02	6.333945800e-02	6.341257884e-02	NAN	4.993605505e+00
7.600000000e+02	6.309600400e-02	6.324018486e-02	NAN	4.993433111e+00
7.800000000e+02	6.286862700e-02	6.306781495e-02	NAN	4.993260741e+00
8.000000000e+02	6.264124900e-02	6.289546922e-02	NAN	4.993088395e+00
8.200000000e+02	6.265503000e-02	6.272314778e-02	NAN	4.992916074e+00
8.400000000e+02	6.257234700e-02	6.255085077e-02	NAN	4.992743777e+00
8.600000000e+02	6.229673900e-02	6.237857829e-02	NAN	4.992571504e+00
8.800000000e+02	6.194074400e-02	6.220633048e-02	NAN	4.992399256e+00
9.000000000e+02	6.201883300e-02	6.203410744e-02	NAN	4.992227033e+00
9.200000000e+02	6.169499300e-02	6.186190931e-02	NAN	4.992054835e+00
9.400000000e+02	6.159623300e-02	6.168973621e-02	NAN	4.991882662e+00
9.600000000e+02	6.156178200e-02	6.151758826e-02	NAN	4.991710514e+00
9.800000000e+02	6.138263700e-02	6.134546559e-02	NAN	4.991538392e+00
1.000000000e+03	6.120349100e-02	6.117336832e-02	NAN	4.991366294e+00
1.020000000e+03	6.113688600e-02	6.100129659e-02	NAN	4.991194223e+00
1.040000000e+03	6.084520000e-02	6.082925052e-02	NAN	4.991022177e+00
1.060000000e+03	6.073036300e-02	6.065723024e-02	NAN	4.990850156e+00
1.080000000e+03	6.061552600e-02	6.048523588e-02	NAN	4.990678162e+00
1.100000000e+03	6.058107500e-02	6.031326758e-02	NAN	4.990506194e+00
1.120000000e+03	6.056270100e-02	6.014132546e-02	NAN	4.990334251e+00
1.140000000e+03	6.001378000e-02	5.996940966e-02	NAN	4.990162336e+00
1.160000000e+03	6.005971500e-02	5.979752032e-02	NAN	4.989990446e+00
1.180000000e+03	5.994487800e-02	5.962565756e-02	NAN	4.989818584e+00
1.200000000e+03	5.954065200e-02	5.945382153e-02	NAN	4.989646748e+00
1.220000000e+03	5.950620100e-02	5.928201237e-02	NAN	4.989474938e+00
1.240000000e+03	5.940744100e-02	5.911023021e-02	NAN	4.989303156e+00
1.260000000e+03	5.929260500e-02	5.893847519e-02	NAN	4.989131401e+00
1.280000000e+03	5.911345900e-02	5.876674745e-02	NAN	4.988959673e+00
1.300000000e+03	5.895039000e-02	5.859504715e-02	NAN	4.988787973e+00
1.320000000e+03	5.875516800e-02	5.842337441e-02	NAN	4.988616300e+00
1.340000000e+03	5.880110200e-02	5.825172939e-02	NAN	4.988444655e+00
1.360000000e+03	5.860588000e-02	5.808011222e-02	NAN	4.988273038e+00
1.380000000e+03	5.826596200e-02	5.790852307e-02	NAN	4.988101449e+00
1.400000000e+03	5.802250800e-02	5.773696207e-02	NAN	4.987929888e+00
1.420000000e+03	5.803628800e-02	5.756542937e-02	NAN	4.987758355e+00
1.440000000e+03	5.787322000e-02	5.739392512e-02	NAN	4.987586851e+00
1.460000000e+03	5.780661500e-02	5.722244949e-02	NAN	4.987415375e+00

Time course 4.txt
time	NADPH	pred_NADPH	MG	pred_MG
0.000000000e+00	6.546623800e-02	6.546623800e-02	5.000000000e-01	5.000000000e-01
2.000000000e+01	6.548365500e-02	6.538820024e-02	NAN	4.999219622e-01
4.000000000e+01	6.535637700e-02	6.531017432e-02	NAN	4.998439363e-01
6.000000000e+01	6.519694500e-02	6.523216028e-02	NAN	4.997659223e-01
8.000000000e+01	6.518220800e-02	6.515415814e-02	NAN	4.996879201e-01
1.000000000e+02	6.508708500e-02	6.507616792e-02	NAN	4.996099299e-01
1.200000000e+02	6.497588400e-02	6.499818962e-02	NAN	4.995319516e-01
1.400000000e+02	6.497722400e-02	6.492022324e-02	NAN	4.994539852e-01
1.600000000e+02	6.494640900e-02	6.484226880e-02	NAN	4.993760308e-01
1.800000000e+02	6.477090000e-02	6.476432630e-02	NAN	4.992980883e-01
2.000000000e+02	6.470793100e-02	6.468639575e-02	NAN	4.992201578e-01
2.200000000e+02	6.461280800e-02	6.460847717e-02	NAN	4.991422392e-01
2.400000000e+02	6.443729900e-02	6.453057055e-02	NAN	4.990643325e-01
2.600000000e+02	6.434217600e-02	6.445267591e-02	NAN	4.989864379e-01
2.800000000e+02	6.424705300e-02	6.437479325e-02	NAN	4.989085553e-01
3.000000000e+02	6.426446900e-02	6.429692259e-02	NAN	4.988306846e-01
3.200000000e+02	6.413719200e-02	6.421906394e-02	NAN	4.987528259e-01
3.400000000e+02	6.397776000e-02	6.414121730e-02	NAN	4.986749793e-01
3.600000000e+02	6.391479100e-02	6.406338267e-02	NAN	4.985971447e-01
3.800000000e+02	6.378751300e-02	6.398556008e-02	NAN	4.985193221e-01
4.000000000e+02	6.374062200e-02	6.390774953e-02	NAN	4.984415115e-01
4.200000000e+02	6.366157600e-02	6.382995103e-02	NAN	4.983637130e-01
4.400000000e+02	6.372722400e-02	6.375216458e-02	NAN	4.982859266e-01
4.600000000e+02	6.353563800e-02	6.367439020e-02	NAN	4.982081522e-01
4.800000000e+02	6.334405100e-02	6.359662789e-02	NAN	4.981303899e-01
5.000000000e+02	6.334539100e-02	6.351887767e-02	NAN	4.980526397e-01
5.200000000e+02	6.323419100e-02	6.344113954e-02	NAN	4.979749015e-01
5.400000000e+02	6.329983900e-02	6.336341351e-02	NAN	4.978971755e-01
5.600000000e+02	6.326902500e-02	6.328569959e-02	NAN	4.978194616e-01
5.800000000e+02	6.304528400e-02	6.320799779e-02	NAN	4.977417598e-01
6.000000000e+02	6.307877800e-02	6.313030812e-02	NAN	4.976640701e-01
6.200000000e+02	6.291934600e-02	6.305263059e-02	NAN	4.975863926e-01
6.400000000e+02	6.285637700e-02	6.297496521e-02	NAN	4.975087272e-01
6.600000000e+02	6.268086800e-02	6.289731198e-02	NAN	4.974310740e-01
6.800000000e+02	6.269828500e-02	6.281967092e-02	NAN	4.973534329e-01
7.000000000e+02	6.247454400e-02	6.274204204e-02	NAN	4.972758040e-01
7.200000000e+02	6.252411600e-02	6.266442534e-02	NAN	4.971981873e-01
7.400000000e+02	6.234860700e-02	6.258682084e-02	NAN	4.971205828e-01
7.600000000e+02	6.228563800e-02	6.250922853e-02	NAN	4.970429905e-01
7.800000000e+02	6.225482300e-02	6.243164844e-02	NAN	4.969654104e-01
8.000000000e+02	6.224008600e-02	6.235408058e-02	NAN	4.968878426e-01
8.200000000e+02	6.211280800e-02	6.227652494e-02	NAN	4.968102869e-01
8.400000000e+02	6.200160800e-02	6.219898155e-02	NAN	4.967327435e-01
8.600000000e+02	6.206725600e-02	6.212145040e-02	NAN	4.966552124e-01
8.800000000e+02	6.200428700e-02	6.204393152e-02	NAN	4.965776935e-01
9.000000000e+02	6.198955000e-02	6.196642491e-02	NAN	4.965001869e-01
9.200000000e+02	6.187834900e-02	6.188893057e-02	NAN	4.964226926e-01
9.400000000e+02	6.175107200e-02	6.181144853e-02	NAN	4.963452105e-01
9.600000000e+02	6.168810300e-02	6.173397878e-02	NAN	4.962677408e-01
9.800000000e+02	6.164121100e-02	6.165652135e-02	NAN	4.961902833e-01
1.000000000e+03	6.159431900e-02	6.157907623e-02	NAN	4.961128382e-01
1.020000000e+03	6.140273300e-02	6.150164344e-02	NAN	4.960354054e-01
1.040000000e+03	6.138799600e-02	6.142422298e-02	NAN	4.959579850e-01
1.060000000e+03	6.130895000e-02	6.134681488e-02	NAN	4.958805769e-01
1.080000000e+03	6.126205800e-02	6.126941913e-02	NAN	4.958031811e-01
1.100000000e+03	6.108654900e-02	6.119203575e-02	NAN	4.957257978e-01
1.120000000e+03	6.115219700e-02	6.111466475e-02	NAN	4.956484268e-01
1.140000000e+03	6.105707400e-02	6.103730614e-02	NAN	4.955710681e-01
1.160000000e+03	6.096195100e-02	6.095995992e-02	NAN	4.954937219e-01
1.180000000e+03	6.089898200e-02	6.088262611e-02	NAN	4.954163881e-01
1.200000000e+03	6.069131800e-02	6.080530472e-02	NAN	4.953390667e-01




