t HTA SDLTSH
0.0 0.1357 7.69231e-05
15.0 0.135564986803 0.000211444766094
30.0 0.135430061044 0.000345422259756
45.0 0.135295222726 0.000478858546808
60.0 0.135160471854 0.000611757004599
75.0 0.135025808429 0.000744119310093
90.0 0.134891232457 0.000875948858271
105.0 0.134756743942 0.00100724889444
120.0 0.134622342887 0.00113802266392
135.0 0.134488029298 0.00126827341202
150.0 0.134353803178 0.00139800438403
165.0 0.134219664533 0.00152721882529
180.0 0.134085613364 0.00165591926987
195.0 0.133951649675 0.00178410765249
210.0 0.133817773469 0.00191178677014
225.0 0.133683984749 0.00203895942843
240.0 0.133550283518 0.00216562843291
255.0 0.133416669782 0.00229179658918
270.0 0.133283143543 0.00241746670281
285.0 0.133149704804 0.00254264150301
300.0 0.133016353568 0.00266732318022
315.0 0.132883089837 0.00279151425192
330.0 0.132749913616 0.00291521733445
345.0 0.132616824907 0.00303843504416
360.0 0.132483823712 0.00316116999741
375.0 0.132350910036 0.00328342481055
390.0 0.132218083874 0.00340519917815
405.0 0.132085345247 0.00352650248408
420.0 0.131952694144 0.0036473322075
435.0 0.131820130568 0.0037676909298
450.0 0.131687654524 0.00388758120924
465.0 0.131555266012 0.00400700558105
480.0 0.131422965037 0.00412596655734
495.0 0.131290751602 0.00424446662717
510.0 0.131158625708 0.00436250818175
525.0 0.131026587358 0.00448009328401
540.0 0.130894636553 0.00459722420573
555.0 0.130762773296 0.0047139032252
570.0 0.130630997589 0.00483013258962
585.0 0.130499309435 0.00494591451513
600.0 0.130367708834 0.00506125118675
615.0 0.130236195789 0.00517614475845
630.0 0.130104770302 0.00529059735309
645.0 0.129973432375 0.00540461106246
660.0 0.129842182009 0.00551818794727
675.0 0.129711019206 0.00563133003714
690.0 0.129579943967 0.00574403933059
705.0 0.129448956294 0.00585631797308
720.0 0.12931805619 0.00596816826762
735.0 0.129187243654 0.00607959224254
750.0 0.129056518689 0.0061905918989
765.0 0.128925881297 0.00630116921507
780.0 0.128795331477 0.00641132614679
795.0 0.128664869232 0.0065210646271
810.0 0.128534494562 0.00663038656639
825.0 0.128404207469 0.00673929385236
840.0 0.128274007954 0.00684778835006
855.0 0.128143896016 0.00695587190186
870.0 0.128013871658 0.00706354632747
885.0 0.127883934879 0.00717081342743
900.0 0.127754085682 0.00727767522294
1300.0 0.124323749297 0.00998402321188
1315.0 0.124196323251 0.0100803562548
1330.0 0.124068984783 0.0101763316027
1345.0 0.123941733892 0.0102719507396
1360.0 0.123814570577 0.0103672151362
1375.0 0.123687494836 0.0104621262502
1390.0 0.123560506669 0.0105566855263
1405.0 0.123433606074 0.0106508943968
1420.0 0.12330679305 0.0107447542811
1435.0 0.123180067595 0.0108382665862
1450.0 0.123053429708 0.010931432707
1465.0 0.122926879388 0.0110242540459
1480.0 0.122800416633 0.01111673205
1495.0 0.122674041441 0.011208868102
1510.0 0.122547753811 0.0113006635695
1525.0 0.122421553741 0.0113921198094
1540.0 0.122295441228 0.0114832381694
1555.0 0.122169416272 0.0115740199871
1570.0 0.12204347887 0.0116644665909
1585.0 0.12191762902 0.0117545792999
1600.0 0.121791866721 0.0118443594241
1615.0 0.121666191969 0.0119338082646
1630.0 0.121540604764 0.0120229271141
1645.0 0.121415105102 0.0121117172564
1660.0 0.121289692981 0.0122001799674
1675.0 0.121164368399 0.0122883165146
1690.0 0.121039131354 0.0123761281577
1705.0 0.120913981842 0.0124636161488
1720.0 0.120788919862 0.0125507817323
1735.0 0.120663945411 0.0126376261454
1750.0 0.120539058486 0.0127241506171
1765.0 0.120414259084 0.0128103563465
1780.0 0.120289547203 0.0128962445349
1795.0 0.120164922839 0.0129818163852
1810.0 0.12004038599 0.0130670730933
1825.0 0.119915936653 0.0131520158483
1840.0 0.119791574824 0.0132366458328
1855.0 0.119667300501 0.013320964223
1870.0 0.119543113681 0.0134049721889
1885.0 0.119419014359 0.0134886708944
1900.0 0.119295002533 0.0135720614976
1915.0 0.1191710782 0.0136551451508
1930.0 0.119047241355 0.0137379230008
1945.0 0.118923491996 0.0138203961892
1960.0 0.118799830119 0.0139025658522
1975.0 0.11867625572 0.0139844331213
1990.0 0.118552768796 0.0140659991229
2005.0 0.118429369342 0.0141472649789
2020.0 0.118306057355 0.0142282318066
2035.0 0.118182832832 0.0143089007192
2050.0 0.118059695767 0.0143892727611
2065.0 0.117936646158 0.0144693489099
2080.0 0.117813684 0.0145491302303
2095.0 0.117690809289 0.0146286177822
2110.0 0.11756802202 0.0147078126192
2125.0 0.11744532219 0.0147867157886
2140.0 0.117322709795 0.0148653283316
2155.0 0.117200184829 0.0149436512832
2170.0 0.117077747288 0.0150216856726
2185.0 0.116955397169 0.015099432523
2200.0 0.116833134465 0.0151768928517
2215.0 0.116710959173 0.0152540676705
2230.0 0.116588871288 0.0153309579854
2245.0 0.116466870806 0.0154075647967
2260.0 0.11634495772 0.0154838890994
2275.0 0.116223132027 0.0155599318831
2290.0 0.116101393722 0.015635694132
2305.0 0.115979742799 0.0157111768252
2320.0 0.115858179253 0.0157863809364
2335.0 0.11573670308 0.0158613074302
2350.0 0.115615314274 0.0159359572379
2365.0 0.115494012829 0.0160103313053
2380.0 0.115372798741 0.016084430578
2395.0 0.115251672004 0.016158255996
2410.0 0.115130632612 0.0162318084942
2425.0 0.115009680561 0.0163050890023
2440.0 0.114888815844 0.0163780984445
2455.0 0.114768038456 0.0164508377402
2470.0 0.114647348391 0.0165233078033
2485.0 0.114526745643 0.0165955095431
2500.0 0.114406230206 0.0166674438637
2515.0 0.114285802075 0.0167391116644
2530.0 0.114165461244 0.0168105138396
2545.0 0.114045207706 0.0168816512791
2560.0 0.113925041456 0.0169525248677
2575.0 0.113804962487 0.0170231354858
2590.0 0.113684970793 0.0170934840091
2605.0 0.113565066368 0.0171635713089
2620.0 0.113445249205 0.017233398252
2635.0 0.113325519298 0.0173029656864
2650.0 0.11320587664 0.0173722744563
2665.0 0.113086321226 0.0174413254104
2680.0 0.112966853047 0.0175101193929
2695.0 0.112847472099 0.0175786572435
2710.0 0.112728178373 0.0176469397972
2725.0 0.112608971863 0.0177149678847
2740.0 0.112489852563 0.0177827423324
2755.0 0.112370820465 0.0178502639621
2770.0 0.112251875562 0.0179175335916
2785.0 0.112133017847 0.0179845520341
2800.0 0.112014247314 0.0180513200988
2815.0 0.111895563954 0.0181178385909
2830.0 0.111776967761 0.0181841083112
2845.0 0.111658458727 0.0182501300565
2860.0 0.111540036846 0.0183159046198
2875.0 0.111421702108 0.0183814327901
2890.0 0.111303454508 0.0184467153522
2905.0 0.111185294037 0.0185117530875
2920.0 0.111067220688 0.0185765467689
2935.0 0.110949234453 0.0186410971554
2950.0 0.110831335324 0.0187054050122
2965.0 0.110713523294 0.0187694711016
2980.0 0.110595798354 0.018833296182
2995.0 0.110478160497 0.0188968810079
3010.0 0.110360609715 0.0189602263301
3025.0 0.110243145998 0.0190233328953
3040.0 0.110125769341 0.0190862014469
3055.0 0.110008479733 0.0191488327241
3070.0 0.109891277167 0.0192112274629
3085.0 0.109774161635 0.0192733863953
3100.0 0.109657133127 0.0193353102499
3115.0 0.109540191636 0.0193969997518
3130.0 0.109423337153 0.0194584556225
3145.0 0.10930656967 0.01951967858
3160.0 0.109189889177 0.0195806693389
3175.0 0.109073295666 0.0196414286106
3190.0 0.108956789129 0.0197019571028
3205.0 0.108840369555 0.0197622555193
3220.0 0.108724036938 0.0198223245443
3235.0 0.108607791266 0.019882164867
3250.0 0.108491632532 0.0199417771791
3265.0 0.108375560726 0.020001162169
3280.0 0.108259575839 0.0200603205217
3295.0 0.108143677862 0.0201192529191
3310.0 0.108027866785 0.0201779600398
3325.0 0.107912142599 0.0202364425591
3340.0 0.107796505295 0.0202947011495
3355.0 0.107680954863 0.02035273648
3370.0 0.107565491293 0.0204105492169
3385.0 0.107450114576 0.0204681400232
3400.0 0.107334824703 0.0205255095591
3415.0 0.107219621662 0.0205826584816
3430.0 0.107104505446 0.020639587445
3445.0 0.106989476043 0.0206962971006
3460.0 0.106874533443 0.020752788097
3475.0 0.106759677637 0.0208090610798
3490.0 0.106644908615 0.0208651166919
3505.0 0.106530226366 0.0209209555736
3520.0 0.10641563088 0.0209765783622
3535.0 0.106301122147 0.0210319856926
3550.0 0.106186700156 0.021087178197
3565.0 0.106072364897 0.0211421565049
3580.0 0.10595811636 0.0211969212434
3595.0 0.105843954534 0.0212514730369
3610.0 0.105729879408 0.0213058125076
3625.0 0.105615890971 0.0213599402748
3640.0 0.105501989214 0.0214138569417
3655.0 0.105388174125 0.0214675630811
3670.0 0.105274445693 0.0215210592962
3685.0 0.105160803907 0.0215743461894
3700.0 0.105047248757 0.0216274243605
3715.0 0.104933780231 0.0216802944067
3730.0 0.104820398317 0.0217329569223
3745.0 0.104707103006 0.0217854124993
3760.0 0.104593894285 0.021837661727
3775.0 0.104480772144 0.0218897051922
3790.0 0.10436773657 0.0219415434791
3805.0 0.104254787553 0.0219931771695
3820.0 0.104141925081 0.0220446068427
3835.0 0.104029149142 0.0220958330756
3850.0 0.103916459724 0.0221468564426
3865.0 0.103803856817 0.0221976775158
3880.0 0.103691340407 0.022248296865
3895.0 0.103578910484 0.0222987150575
3910.0 0.103466567035 0.0223489326585
3925.0 0.103354310048 0.0223989502307
3940.0 0.103242139512 0.0224487683348
3955.0 0.103130055413 0.0224983875291
3970.0 0.103018057741 0.0225478083698
3985.0 0.102906146482 0.022597031411
4000.0 0.102794321625 0.0226460572044
4015.0 0.102682583157 0.0226948862999
4030.0 0.102570931065 0.0227435192452
