0.662466514085 4.74523287311e-06 0.672768544218 0.00172285448318 7.57449508182 -11.3045597437
0.662466514085 4.74523287311e-06 0.672768544218 0.00190714917682 7.57617914782 -11.3330577617
0.657748592103 4.74523287311e-06 0.672768544218 0.00172285448318 7.64069236072 -11.3568370666
0.527519976436 0.000106505500579 0.571120620624 0.00185698214987 1.2890006356 -4.75857452334
0.522725315506 9.76934380887e-05 0.580441115052 0.00189001181211 1.72582567807 -5.19160565613
0.304101531782 3.16210982864e-05 0.312465560719 0.00197015143811 3.79831624635 -7.33518933567
0.51647982222 9.64411817814e-05 0.581728501267 0.0018933274284 1.85567955537 -5.30855173965
0.249105787512 0.000394345638943 0.583998358378 0.00197125067417 -1.41510763818 -2.90080937934
0.406570078164 4.98418079731e-05 0.419851205585 0.00189012842116 3.0837035944 -6.54588261642
0.685407241066 4.20185724248e-06 0.685869259089 0.00161206084075 7.38524232509 -11.0694686366
0.516418847226 5.51006915357e-07 0.525878165842 0.00184211722701 6.92049913647 -10.7048846434
0.443283526026 0.000156593722966 0.537253599952 0.00195506995318 0.384193733113 -3.93204652507
0.531660950839 8.48976140066e-05 0.596105333992 0.00191160269094 2.32692078466 -5.76816961133
0.503474116904 7.58213850815e-05 0.554298465876 0.00194760704198 2.53017853254 -5.99339754835
0.379872903043 2.75906729336e-06 0.389842616781 0.00177198187058 6.25867657353 -10.0871064046
0.549506881217 7.01126142695e-05 0.596105333992 0.00191160269094 2.78197028074 -6.24855643733
0.648138334659 7.92481997423e-06 0.658908100951 0.00193302954016 7.13902820229 -10.8720915343
0.648138334659 7.92481997423e-06 0.658908100951 0.00177899584731 7.138858154 -10.8504839786
0.282833442406 2.9889224353e-05 0.297512599657 0.00197245456193 4.03018490439 -7.60868938018
0.281736779589 2.9889224353e-05 0.297512599657 0.0019648104385 4.06038099568 -7.63994759506
0.222236396721 0.000397094179887 0.555111721806 0.00198718679877 -1.3122485991 -2.95580841736
0.243216573782 4.13324919269e-06 0.241654927845 0.00192983534494 4.88657864388 -8.70429680607
0.222236396721 0.000397094179887 0.543853015504 0.00188698817367 -1.35801360271 -2.93153174369
0.443805297831 9.76309087911e-05 0.491381605314 0.0019297886283 1.56335899774 -5.03505522366
0.421980166686 8.80618323395e-05 0.463698444422 0.00197480473568 1.82821656938 -5.29456145472
0.509814383263 4.36114843334e-05 0.537692154896 0.0019219951611 3.95040112927 -7.47784889161
0.509976529555 5.40267396974e-06 0.501446475715 0.00199535128165 6.15453876039 -9.85914456637
0.536712465911 0.000142759103929 0.618508937184 0.00199535128165 0.640994125676 -4.16797348382
0.490974489545 0.000157018204884 0.561533010608 0.00189643943423 0.250058258748 -3.81050624843
0.491069247264 5.46055211367e-05 0.515023434731 0.00198953788891 3.15472141497 -6.65263584658
0.407269517696 0.000167889576355 0.491575033598 0.00199145081723 0.0964051741287 -3.69357443372
0.580039636453 2.57064226854e-06 0.597113694944 0.00199145081723 7.24716134472 -10.9870821216
0.297601035469 3.60811493138e-05 0.311555558693 0.00191538577495 3.67921999127 -7.19827026066
0.496017916339 0.000197311399702 0.61886704556 0.00181916134654 -0.132278953378 -3.47299914998
0.641870880016 4.48672590772e-05 0.660508446928 0.00188388368468 3.86297912374 -7.34685933833
0.454163013246 7.06923222091e-05 0.484939474183 0.00182039227802 2.42079323613 -5.8749665779
0.538074067565 0.000133075575101 0.602335482774 0.00192935617453 0.746426265155 -4.26018733285
0.538074067565 0.000121685518112 0.602335482774 0.0019505681092 1.03775856367 -4.53636123755
0.453757360185 7.44456264172e-05 0.501190714766 0.00177798869504 2.51840289298 -5.95953444783
0.492607260107 3.57078363124e-05 0.523521638482 0.00183538623272 4.57746018806 -8.12367590748
0.239862168254 0.00039295545756 0.62808079969 0.00190119556919 -1.12271437849 -3.02663938188
0.409975216163 5.3284489682e-05 0.432713637373 0.00191379890347 3.10555025502 -6.58942833276
0.369014558814 0.000153183305548 0.442447081698 0.00195955031508 0.310775226056 -3.86402549891
0.517142664619 9.38125840214e-05 0.576306653517 0.00199648826793 1.88091970909 -5.35106401831
0.591073493607 9.53334138089e-06 0.605751382611 0.00159974267347 6.87641654411 -10.5644310841
0.557989553337 6.04557555112e-06 0.564024490982 0.00175998892025 6.8930808183 -10.6581492079
0.488280815423 0.000117783043797 0.553188562038 0.00197700817027 1.12157672767 -4.61871297933
0.587700975375 6.91968708438e-05 0.632727037346 0.00197025035632 2.83963207654 -6.31189220251
0.47370340024 1.35922584002e-05 0.482904477178 0.00178703505529 5.84908579227 -9.55784713507
0.537892566095 0.000129028016955 0.615840609154 0.00191711124595 0.952806039451 -4.44804089217
0.44982705182 1.18440445563e-05 0.449652553277 0.00165985127318 5.57986158862 -9.23741267712
0.527264237304 0.000117615386778 0.592899920761 0.00197953089651 1.15612727465 -4.65126716484
0.482583302685 0.000100717921537 0.529240294665 0.00198302670979 1.46624900258 -4.95033622544
0.540315697551 4.77330376987e-05 0.577377371718 0.00191572127346 3.90800958361 -7.41393700621
0.283999085933 1.94015998742e-05 0.286971905463 0.00184716642348 4.31793333998 -7.92736825391
0.561784555074 0.000121297505943 0.642096986782 0.00180614971379 1.20767162509 -4.6693933828
0.633027993105 8.00499189967e-06 0.657469733221 0.00191659882747 7.38812743129 -11.0803235086
0.227708267381 4.61355219353e-06 0.225506389712 0.00191689533809 4.67688463707 -8.46170304213
0.283999085933 1.73271277549e-05 0.286971905463 0.00188059924013 4.45820655573 -8.10292723358
0.491082264993 8.35779809585e-05 0.534772099206 0.0019655227103 2.07485534963 -5.54854285339
0.491082264993 0.000149731265962 0.534772099206 0.0019655227103 0.231533972 -3.75609723534
0.65496333648 3.74346888159e-06 0.678633292907 0.00185422609794 7.54651659115 -11.205302005
0.482658292972 5.03265851568e-05 0.516513648739 0.00185422609794 3.60637440314 -7.10296738835
0.471959890135 0.000143886225086 0.539309509407 0.00191596162018 0.479712878763 -4.02003095547
0.471396520793 0.000143886225086 0.546819870902 0.00187448462058 0.537975778713 -4.06946826049
0.484943503053 7.32557475889e-05 0.541043160738 0.00198919658082 2.72550582725 -6.17716659871
0.484943503053 7.32557475889e-05 0.523903638605 0.00195762660097 2.45437926469 -5.92942274243
0.466571644855 5.36371565014e-06 0.480622879449 0.00173404696028 6.73356889135 -10.5180016636
0.473538671417 5.36371565014e-06 0.480622879449 0.00173404696028 6.63479854314 -10.4405876216
0.466571644855 5.36371565014e-06 0.480622879449 0.00182193536734 6.73475783198 -10.5320021597
0.466571644855 2.18945685066e-05 0.480622879449 0.00173404696028 5.20224653685 -8.82823542096
0.465637739001 3.27715492836e-05 0.482498747432 0.0019541440599 4.38389644528 -7.96135518034
0.463678770067 3.16485343681e-05 0.487126402206 0.00197481193819 4.64730315953 -8.24049041419
0.544533236565 0.000114892679256 0.612173011376 0.00199206843861 1.26684535679 -4.75517816586
0.459945076759 0.000125283359327 0.527948298189 0.00192223221671 0.929249617521 -4.43107543975
0.459945076759 0.000125283359327 0.520440428235 0.00188025451742 0.864472483545 -4.36777191891
0.39893894555 4.9739773566e-05 0.428500841611 0.00197482823321 3.44932462054 -6.95319308205
0.213478805961 0.000392454575564 0.357520248475 0.00190046521134 -1.715830076 -2.6481613506
0.213478805961 0.000392454575564 0.662075875068 0.00190046521134 -0.34133888867 -3.30355825937
0.213478805961 0.000392454575564 0.483847439451 0.00190046521134 -1.46501916771 -2.86823417012
0.213478805961 0.000392454575564 0.614735382057 0.00190046521134 -0.729166560012 -3.16352203784
0.213478805961 0.000392454575564 0.429549869707 0.00191925170676 -1.6291512961 -2.77534026673
0.498491607066 0.000141408019732 0.551517751461 0.00182711358972 0.45821841698 -3.97321067374
0.643365260278 5.21503725603e-05 0.676393197043 0.00195420107611 3.6693448704 -7.1581647629
0.705904830975 8.71699401053e-05 0.760277485781 0.00195420107611 2.26970416197 -5.71005881569
0.213478805961 0.000392454575564 0.631013174035 0.00193871918122 -0.604993805362 -3.21021455473
0.213478805961 0.000392454575564 0.580303947747 0.00162646634973 -0.95390367237 -3.06613095297
0.89440881478 6.2247296158e-06 0.904302194663 0.00157501487463 8.02787286472 -11.602302008
0.213478805961 0.000392454575564 0.414776463596 0.00190046521134 -1.65857096625 -2.75029026639
0.213478805961 0.000392454575564 0.646764979894 0.00190046521134 -0.473619307491 -3.25610129534
0.308149848346 1.14490658976e-05 0.318710591632 0.00173607117283 5.29818740164 -9.05793058396
0.213478805961 0.000392454575564 0.585104217708 0.00190046521134 -0.939278453437 -3.0855763232
0.56547633537 0.000124799867166 0.630731070807 0.00198444867365 0.982493613545 -4.48411806064
0.213478805961 0.000392454575564 0.635023740855 0.00188753014282 -0.569959736984 -3.22086432725
0.213478805961 0.000392454575564 0.541181546314 0.00194922214574 -1.20602939384 -2.98380044016
0.44831598235 6.86737282748e-05 0.489194266607 0.00192438629623 2.68091035412 -6.14830967909
0.213478805961 0.000392454575564 0.380729032742 0.00195579148784 -1.7072100015 -2.6945522541
0.636352207749 2.71372726918e-06 0.64708454525 0.00177260560485 7.66030961956 -11.4171617
0.679599633645 9.89674458482e-05 0.73328248023 0.00197184540616 1.78483207964 -5.23743228737
0.390963604099 1.02491870077e-05 0.408829170301 0.0018016418886 6.04755902408 -9.80500377767
0.434812532939 1.02491870077e-05 0.433689337054 0.00188450198268 5.62973531478 -9.33932968715
0.387290159233 0.00021950101095 0.508389578817 0.00187059600394 -0.475910509718 -3.23418255916
0.413221469226 0.000145262415456 0.501440482533 0.00188410169744 0.59569951806 -4.10597042135
0.310730138883 9.16702027966e-06 0.308674376707 0.00197905649033 5.02021066978 -8.75407072856
0.557847418509 7.04699508438e-05 0.594060300371 0.00194797682392 2.61382647948 -6.08800248596
0.57417045784 6.76631449098e-05 0.618174802249 0.0018662898206 2.89193158288 -6.35553895814
0.235181248311 0.000392474054724 0.501035591539 0.00189042030774 -1.55813991367 -2.82220401907
0.454851272258 6.45607651116e-05 0.49096632287 0.00197501914911 2.8082180972 -6.2896882309
0.282046562826 1.33687619551e-07 0.292476324861 0.00169860178511 5.25098793317 -8.98131705958
0.484147742232 1.35865853841e-05 0.485755085147 0.00195444129995 5.60478222649 -9.28923151294
0.567082633212 6.18969114823e-05 0.601558146117 0.00197737794684 3.03251004218 -6.51860463234
0.460946440598 2.74852607561e-06 0.448728044249 0.0017564715256 6.04718584284 -9.72821476158
0.42147780233 1.91407253449e-05 0.443073068924 0.00187705691681 5.534710741 -9.21285289343
0.472702181587 0.000129042787045 0.533699537062 0.00196847462768 0.775031920162 -4.29435140391
0.472702181587 9.00799227206e-05 0.533699537062 0.00196847462768 2.03164279495 -5.48518433391
0.42456947947 0.000188282604142 0.514887029471 0.00194983691286 -0.193906906177 -3.45100680466
0.482016681926 7.42423446254e-05 0.517301590738 0.00199008788174 2.34883088396 -5.82629385956
0.572174560963 8.2605981992e-05 0.596822052071 0.00188621160925 1.953740015 -5.38725154729
0.572174560963 0.000107477169695 0.657466661941 0.00188621160925 1.70150848744 -5.13137374384
0.583667082066 0.000107352407755 0.640264647831 0.00194551814743 1.43293501953 -4.90950068514
0.575530169118 3.34707357341e-06 0.575227052139 0.00187444172007 7.05647383364 -10.8423457501
0.512723613729 8.63635909336e-05 0.555467362387 0.00187428785354 1.96945431909 -5.43374689215
0.436155556414 0.000177005412843 0.5331333354 0.00192304429685 0.0204285208706 -3.62352374435
0.282590231004 1.43170807658e-05 0.279909277989 0.00192304429685 4.43760895286 -8.05820793323
0.421640318774 1.83101958878e-05 0.438800369251 0.00171466353413 5.47867696975 -9.14770837626
0.610825006866 2.09005807518e-05 0.628022698038 0.00199084888622 5.74649460174 -9.38129436055
0.588144474441 7.22906279084e-05 0.651041588973 0.00190409029179 2.94748911251 -6.38145742493
0.575644480742 5.23199095698e-05 0.607226095653 0.00179043822348 3.54948078768 -7.02892090666
0.363637147872 2.14031430321e-05 0.359897301438 0.00194240776039 4.29927449293 -7.83700092268
0.570710332318 4.49191827868e-05 0.577790916486 0.00190277995719 3.50665083528 -6.96091228805
0.484152989754 0.000154589322309 0.561562144635 0.0019380057859 0.331396851747 -3.89079749694
0.48055535277 0.000133324056837 0.545580291576 0.00189777944928 0.708619334883 -4.22670083783
0.514535955923 1.57757614256e-05 0.525148900619 0.00197299926589 5.81120125161 -9.51160977354
0.396713833812 4.82142443245e-05 0.41448607459 0.0018440166613 3.2649371525 -6.7441486667
0.504606481253 2.08782396439e-05 0.520719698334 0.00188155444287 5.46155310466 -9.11306610476
0.674629779242 2.14983089949e-06 0.694680451591 0.00179402906982 7.51793053912 -11.1681450904
0.497428919746 3.03603989361e-05 0.513090713028 0.00194516363393 4.60431681402 -8.19006033154
0.356216170549 4.66895983498e-05 0.394240280213 0.00185904528039 3.79099102995 -7.25709501093
0.674629779242 2.14983089949e-06 0.694680451591 0.00144294958899 7.51767741401 -11.1093205908
0.460531581404 0.000144708373123 0.556481751145 0.001883258421 0.669939853308 -4.17082850541
0.379450536078 1.15488893872e-05 0.377376438296 0.00185441765799 5.21245784298 -8.89308572614
0.379450536078 4.16819945815e-06 0.377376438296 0.00185441765799 5.89373083325 -9.70610434846
0.527220759454 5.22690539395e-05 0.543006858887 0.00197373766345 3.1773560819 -6.65637188003
0.417511815671 0.000133433846465 0.463067882388 0.0018534647466 0.5285202935 -4.03125008833
0.200303426371 0.000398270133491 0.529496942092 0.00191400892858 -1.13215954296 -3.01003342732
0.484434114259 0.000210502020194 0.608144719625 0.0019704338065 -0.316313170051 -3.34246733577
0.333319880961 5.18267629237e-06 0.355396593352 0.00181566187334 5.69116532015 -9.35992016422
0.440104045447 5.90848390802e-05 0.469151895169 0.00182396389628 2.95435658806 -6.42388681697
0.479147460698 4.59641757953e-05 0.505424333031 0.00199372897169 3.71284877547 -7.24093652573
0.266981600735 0.000389173271844 0.753520526742 0.00189877477943 -0.777214682028 -3.15952909155
0.266981600735 0.000389173271844 0.572158310129 0.00170578319231 -1.47591343643 -2.83093777966
0.266981600735 0.000389173271844 0.746927934217 0.00199339802905 -0.818516575378 -3.14576526324
0.266981600735 0.000389173271844 0.732395622298 0.00170578319231 -0.881725688244 -3.10757409015
0.44950945716 5.04749080385e-05 0.472708435661 0.00177476773296 3.33094002975 -6.81133514166
0.393082557178 3.51547521794e-05 0.407788792606 0.00183228082522 4.0004629638 -7.5403547722
0.399991584199 2.11837273609e-05 0.407788792606 0.00196222069392 4.84845985089 -8.49937691454
0.764002200755 4.06165355106e-06 0.782637383623 0.00195436697023 8.09108411007 -11.773919541
0.399991584199 2.91384820939e-05 0.407788792606 0.00184527979916 4.23786005666 -7.79365649713
0.465045868248 0.000169099334178 0.558751225129 0.00190093572747 0.149424407997 -3.72895075129
0.425023001879 3.5133095229e-05 0.444380118996 0.00190198796309 4.19651439985 -7.75867849509
0.563403192629 8.3384602436e-05 0.612261307358 0.00190368957666 2.21298870616 -5.6759088654
0.483526415662 5.22859845497e-05 0.505704297547 0.00194830290636 3.24333396169 -6.7399160922
0.468991204857 6.12953105101e-05 0.505704297547 0.00184758402102 3.00767704779 -6.47980810895
0.408964025669 5.43539260943e-06 0.419023008207 0.00187659991704 6.35917444299 -10.1989334782
0.59401702898 4.47910585573e-06 0.598712983702 0.00179436397994 7.18335091832 -10.9567579244
0.391916794026 0.000178970603522 0.485805528222 0.00197486260528 -0.0369918307241 -3.5804777069
0.431994823082 8.014879078e-08 0.419564082104 0.00182076589762 6.15666303989 -9.89575765439
0.524414978632 0.000109832801001 0.584700379195 0.0018643191636 1.34403626648 -4.819969093
0.524414978632 0.000109832801001 0.602949599742 0.00183319305039 1.52774614455 -4.97246081359
0.393781789994 0.000171619247078 0.456726680031 0.0019950194934 -0.0903622184217 -3.51865643742
0.422749207609 4.55352569403e-05 0.458294060536 0.00187833034672 3.88427711332 -7.38636050968
0.398825970427 0.000207866097834 0.502252892488 0.00193672817202 -0.406318028628 -3.28867197629
0.287029491897 0.000384110946524 0.734893946283 0.00190754198632 -1.02944424743 -3.03008099346
0.506226342032 2.90595201981e-05 0.538912385364 0.00198666632072 5.19012454386 -8.77889221751
0.395584961615 2.59340536665e-05 0.401677321926 0.00172107317573 4.41010815269 -7.96538452224
0.408911498826 3.57743484518e-05 0.429366428648 0.00179280557203 4.15056949324 -7.69486267698
0.408911498826 2.99630789702e-05 0.429366428648 0.00179280557203 4.57746368573 -8.16036035656
0.558301622855 0.000107135546397 0.612338794927 0.00198102750817 1.39140051919 -4.87600605528
0.463752335107 0.000201465389925 0.57955804968 0.00197382944482 -0.245334432128 -3.40516389354
0.438905165141 1.18227331959e-05 0.458710838665 0.00199412698121 6.19803143355 -9.95342582954
0.427850417625 1.18227331959e-05 0.437719840524 0.00176014387228 5.86571075497 -9.60785033233
0.507613004133 5.59084055019e-06 0.504170335223 0.00198621951679 6.34659387197 -10.1039668703
0.463713997744 4.77874077947e-05 0.490486910517 0.00188192665427 3.58916359584 -7.09763727068
0.6086590465 8.71141421993e-05 0.661644644282 0.00195002302024 2.15020126237 -5.61121458472
0.554419962328 1.05283050275e-05 0.576695109704 0.0018786014939 6.83259692303 -10.5454629103
0.420517638727 5.03950136121e-06 0.42690495366 0.00193180888484 6.37243241181 -10.2286342985
0.587506156545 8.57234151595e-05 0.648942347363 0.00186851214677 2.29373869536 -5.7373794595
0.611760267745 0.000136012998883 0.691769617175 0.00195140022714 0.849266908579 -4.34450496661
0.410311859679 4.91244553687e-05 0.451813610732 0.00181335356022 3.77637593754 -7.24215332897
0.408358137892 1.94147082323e-06 0.411814991046 0.00188506702059 6.49512179968 -10.3869269902
0.529863354427 0.000184146489479 0.625434608175 0.00184471587276 -0.0405700428815 -3.55104233722
0.455167733397 4.83002033505e-05 0.474173694968 0.0019950194934 3.37026830496 -6.87839420375
0.601381861545 7.65720265674e-05 0.653109206592 0.00188884067664 2.59107648157 -6.04493425476
0.446995222624 1.49145618829e-05 0.460351217248 0.00191439338358 5.76128705058 -9.48847684647
0.446995222624 1.86252102253e-05 0.460351217248 0.00191439338358 5.41399773057 -9.1008051975
0.529111420541 5.39441240389e-05 0.561737320474 0.00179740606893 3.41376393137 -6.895060706
0.484147742232 1.35865853841e-05 0.496317537369 0.00195444129995 5.98764703026 -9.723493537
0.531711529039 9.68918715005e-05 0.579748337077 0.00198543438662 1.649838799 -5.13021611924
0.469704555619 0.000118447032046 0.535205401977 0.00195698421209 1.10031695259 -4.595153211
0.698490903487 0.000106108447577 0.759809554567 0.00188809281017 1.63804115685 -5.07861860441
